10354,1
2053,0
12160,0
13458,0
12504,0
9554,0
15756,0
36,1
13981,0
7062,1
10336,1
10453,0
3342,1
15350,0
13916,1
13800,1
170,1
16143,0
14471,0
13313,0
7578,1
1746,0
4478,0
13896,1
12761,1
16843,1
6564,0
14792,1
598,0
11710,1
9488,1
15398,0
14249,0
7982,0
4279,1
4276,0
13997,2
6438,0
6924,1
16191,1
5181,1
9341,1
14056,0
5787,1
1299,1
2581,1
1417,2
14826,0
10914,2
15462,0
5574,0
10085,1
7679,0
3706,2
17051,1
3035,0
7791,1
1812,0
13765,0
5165,0
5128,0
9575,0
11314,1
15186,1
2306,0
8621,0
1960,0
4564,0
1114,2
7792,0
5564,1
11260,1
4758,1
11188,0
4469,0
12087,0
6389,0
15876,1
3989,0
13036,0
12896,1
22,1
187,0
13243,0
15245,0
15405,1
6403,0
971,1
7847,1
17023,1
7386,2
5131,0
9390,0
12740,1
14280,0
7794,1
6683,2
5437,0
6710,2
9675,0
11931,1
6411,1
10585,0
3167,1
4434,0
9285,1
14901,1
11349,0
3612,1
11184,0
9933,2
11387,1
11425,0
256,0
11279,1
634,0
15534,1
1282,1
5075,1
843,2
8551,0
9399,2
12886,1
2906,1
14397,2
13062,1
14339,0
10246,1
1329,0
13737,1
6168,0
5041,1
4402,0
6588,1
1512,1
249,1
4729,0
14445,1
5182,0
4254,1
11198,1
16637,1
16774,2
8724,1
11512,1
14572,0
15108,1
2300,0
10568,2
8206,2
5072,1
16897,0
13471,0
10346,0
4787,1
7034,2
16546,1
3988,1
9621,1
16795,2
11493,0
4055,0
2272,0
8220,0
15847,0
7789,2
14330,0
12033,1
5519,0
15461,0
8791,2
15830,0
6943,0
10120,0
1344,0
15548,1
3015,1
2869,1
1171,1
7385,0
4442,0
14097,0
11189,0
16879,0
5905,0
14443,0
5747,1
1170,0
10488,1
11890,1
5256,1
13140,0
6308,1
4654,1
7759,1
13178,0
7577,0
11482,0
2525,0
8707,1
6842,1
5638,0
12731,1
5684,0
586,1
5154,0
4835,1
15893,0
17125,0
6285,1
10497,0
1622,0
9630,1
1365,1
1909,1
10509,1
11085,0
9800,0
10377,1
9831,0
10842,2
10562,2
5508,0
2839,1
8433,0
4658,1
16582,0
5634,0
4824,0
7083,0
13705,1
16288,0
8788,0
11315,0
12784,1
9994,0
6173,1
11273,0
9171,0
9956,0
11686,0
14111,2
13369,0
4530,1
16812,0
16,1
1038,0
5604,0
6229,1
12405,2
14298,1
2835,1
12057,0
15660,1
9281,0
6179,0
4999,0
5330,0
1810,0
4713,1
10054,0
11873,0
16344,1
8997,0
9957,1
12912,1
2471,1
2686,0
7041,0
7025,2
13195,0
16292,1
6880,0
2710,2
10192,1
5052,0
12890,2
15003,0
8346,0
2113,1
12022,0
7681,0
12255,1
11120,0
11244,0
11077,1
2325,0
16043,0
14631,0
421,0
16062,0
12846,0
4842,0
917,2
13628,1
12261,1
5441,1
15225,1
15974,1
6984,1
9209,0
1514,1
16926,0
16353,0
2397,1
7124,0
1180,0
494,1
544,0
7268,1
8588,2
1612,2
2758,0
13822,0
5699,2
7676,1
863,1
2575,1
16350,1
16387,0
6631,1
290,0
9293,1
6283,1
2309,1
14049,1
954,0
6574,0
7549,0
922,1
16531,0
740,1
7628,2
5504,0
4251,0
1880,1
3336,0
10181,2
9838,1
7888,0
1689,1
669,0
6985,0
7281,1
7438,0
14549,2
9453,0
9365,1
7346,0
12527,0
12863,1
13878,0
16657,0
7543,1
12275,0
5087,1
12146,0
8228,0
6895,0
9758,1
912,0
356,1
14340,1
14813,0
6027,1
1981,1
14302,1
4612,1
4826,1
13804,2
15489,0
17096,1
14718,1
7546,1
14783,1
13061,0
10257,1
15868,1
9976,0
703,2
12736,0
4085,0
6973,0
15263,0
6535,0
12813,2
6868,0
14414,2
7799,0
6715,0
3833,0
3839,1
4604,1
2307,0
11753,1
3345,1
13485,0
614,0
2454,0
10688,1
15730,1
2893,0
4831,1
11969,1
13727,1
7409,0
8439,1
14658,0
13547,1
12365,0
6141,1
2116,1
14940,1
12220,1
10563,1
10387,1
9667,0
16570,2
16141,0
6749,0
8516,1
7842,0
7881,1
5281,0
2424,2
1348,1
2190,1
8975,1
7647,2
9013,1
14521,1
13976,1
15721,0
9514,1
12821,2
38,1
2335,0
11227,0
11546,0
4551,0
10549,1
8045,2
13656,2
880,1
15495,0
15773,1
6396,0
14404,1
9657,1
3243,0
10447,1
10607,0
11860,1
12828,0
3854,1
375,0
15309,0
6096,0
3524,0
13688,0
5394,0
9043,1
5126,1
15316,1
6787,0
14515,2
7450,1
313,2
5602,1
14126,1
1601,0
5156,0
16176,0
16764,2
247,0
15713,1
13598,0
16116,1
9428,2
2290,0
5342,0
2006,0
11508,1
4782,1
5095,1
7970,0
10079,2
9695,0
5130,1
10011,1
2643,1
6926,0
16309,0
2293,1
5565,1
8128,1
5562,0
3317,0
150,0
12706,1
2215,1
566,1
7743,0
5497,1
11527,1
8208,0
13398,0
1970,1
12455,2
9058,0
7926,1
1092,1
7952,1
11758,0
10047,1
6003,1
7173,1
6142,1
1316,0
1671,2
8362,0
14078,1
11778,1
2876,1
4448,1
1538,0
600,1
16779,1
13823,0
6833,0
1391,1
14684,0
11257,1
15144,0
11079,0
9264,2
1062,0
9694,0
3585,2
16099,2
15251,0
10919,0
3334,1
6538,0
7765,1
17070,0
510,1
1712,0
4449,1
11182,0
12161,1
4593,1
2849,2
5465,1
8664,2
6057,0
8100,2
717,0
1531,0
14141,1
16548,0
2015,2
5926,0
10384,0
16605,1
132,1
49,0
4022,1
16311,1
15669,0
5255,1
9865,0
7582,1
9155,1
5874,1
14487,1
8687,1
930,1
6088,0
16255,1
13785,0
7889,1
11090,0
2345,0
302,0
11839,0
2359,0
14974,0
10029,0
7411,0
4527,0
16510,1
2565,1
4873,0
14920,2
3132,1
12276,2
15752,1
6584,0
4854,0
2568,1
13263,1
4531,0
13670,0
13082,1
2836,2
5878,2
6947,0
5173,0
9334,1
12961,0
8287,0
15071,0
2213,0
17067,0
6341,2
10033,1
1303,0
14436,2
12176,1
13361,0
4280,0
12006,1
4513,2
12618,1
6025,0
10867,1
13476,0
9882,1
2969,1
10003,1
8526,1
2705,0
5729,0
12232,1
14395,0
10853,2
8522,0
15709,0
2654,1
3987,0
4563,1
12635,0
370,1
688,0
16592,1
14441,0
3622,2
4045,0
679,0
11270,0
1292,0
3694,1
1460,1
9269,0
436,0
7185,0
5675,0
1409,2
4631,0
2745,1
8329,0
6330,0
2516,0
15033,0
9238,0
4246,0
239,1
2973,0
8457,1
5735,0
10190,2
4525,0
9174,2
6578,1
15159,0
705,1
4422,2
7819,1
13455,1
8666,1
568,0
11006,0
7307,0
13974,0
11091,0
1565,0
8514,0
12288,0
16730,0
14307,1
13200,0
15544,2
4653,0
4866,1
12725,0
727,1
16609,1
8889,0
12851,2
464,0
12076,0
9802,0
7593,0
7722,1
2797,2
14586,0
14958,1
1675,2
533,0
8303,0
6225,0
13084,1
16502,1
9061,1
1598,0
5284,1
3280,0
9294,1
10132,2
4193,0
789,0
178,0
360,0
14018,1
11764,1
16382,0
8446,0
530,1
13644,0
13788,0
14606,0
7518,0
1508,0
9394,1
11776,0
10110,1
8348,1
3122,0
246,0
12983,0
1005,0
11852,0
17044,0
17120,1
7390,2
16048,1
8752,1
2441,0
11509,1
6388,0
4672,1
12944,0
13988,2
9921,2
2209,0
9469,1
9353,0
6890,1
14099,0
2266,2
8892,2
1863,0
10044,1
9153,0
6840,0
7816,1
9839,1
5103,1
16973,1
15869,0
9298,1
904,0
13262,0
5751,0
11320,0
3456,1
5740,0
5739,1
5225,1
16886,1
15647,1
10104,2
7909,0
14682,1
12780,0
13761,1
9556,0
8943,0
2143,1
13149,1
846,0
158,1
104,0
3328,0
16389,1
16405,1
10638,1
4309,0
17036,2
5968,1
1244,0
1094,0
16630,1
8275,0
12550,0
9499,1
1483,1
12745,0
14931,0
1924,0
7615,1
10635,1
15452,1
13239,0
14200,1
3177,0
6321,2
12437,0
5897,0
3675,1
5371,0
1648,0
13540,0
9720,0
2188,1
9468,0
15312,1
10762,1
10906,0
4291,1
12062,1
2547,0
10438,0
8841,0
5177,1
11706,1
1200,2
4031,0
11336,0
5035,1
3365,1
7890,1
9968,0
2123,0
10080,0
8347,0
4499,1
12067,1
5603,1
11990,0
1012,0
8095,1
540,0
4010,0
11652,1
548,1
14899,0
13958,0
3339,2
4347,0
8070,1
2239,0
11526,1
16983,1
5403,0
16493,0
50,0
7943,2
4401,1
12493,1
11429,1
14750,0
6625,1
4557,2
4994,0
14057,1
16388,0
5964,1
471,0
11339,0
10550,0
3117,0
10467,0
12951,1
15967,2
3933,2
7691,2
9467,0
4000,2
8193,1
6518,0
419,0
16132,0
12640,2
7689,1
9984,2
7493,2
14642,1
4783,1
8853,0
6242,0
4609,1
9441,0
15363,2
9280,1
4047,1
3309,0
5587,1
7711,2
12692,2
15124,0
280,2
3108,1
15999,2
11028,0
630,0
11311,0
311,1
7572,0
14415,1
13995,1
16031,0
16374,1
3348,0
9508,0
7200,1
12515,2
6930,0
6390,0
438,1
12463,0
1748,1
1191,0
10460,0
1931,1
14060,0
15827,0
1402,0
1819,0
2887,0
14196,0
633,1
11109,0
14226,0
2174,1
10145,2
2478,2
12262,1
8315,0
5424,0
10446,2
11163,0
3155,1
3653,0
12038,1
12362,1
5270,0
6152,1
12354,1
16603,1
14509,1
7284,1
10114,2
16300,0
9739,0
3376,1
11766,0
9273,1
10854,0
3695,1
10193,0
3882,1
14271,1
1530,0
6557,0
7176,1
13049,0
13258,0
12509,0
5893,0
4642,2
4034,0
10931,0
12479,0
16867,1
1236,2
6129,1
9159,0
10840,0
16440,0
12361,0
14315,0
2693,1
342,0
16073,0
8543,2
9462,0
10719,1
5101,1
1207,0
12646,1
8273,0
5636,1
14480,0
13751,0
859,0
13445,1
780,1
10887,1
2816,2
14426,0
13529,1
12722,0
11423,1
10678,2
13233,0
6964,0
7389,0
3045,0
11272,0
5391,1
14588,1
10897,0
6766,2
2152,0
14965,0
5778,0
5098,0
2302,2
5540,1
12900,2
16530,1
346,0
7096,1
9744,1
3688,1
13952,1
1132,0
15501,0
5383,0
11807,0
14177,1
1217,1
6137,2
9437,0
14391,0
135,1
13428,1
9541,2
6190,1
4076,0
2383,1
2937,0
15412,2
15836,1
2186,1
13436,1
4431,1
9089,1
6917,0
6711,0
15032,0
10797,0
2920,0
13925,2
4285,0
15271,0
13165,2
9398,1
5063,0
10991,1
2253,1
532,2
13041,1
13770,0
5451,0
16792,0
7581,1
8647,0
702,1
7587,0
12313,1
13271,0
847,2
7561,0
16001,1
17141,1
16869,2
7556,0
16681,1
2109,0
14928,1
3582,0
7275,1
1817,1
16057,1
9102,1
6017,0
4134,0
13749,1
6288,0
5721,1
16719,1
10932,1
11869,1
7444,1
5286,0
1929,0
6757,1
15953,1
5185,1
680,0
1036,0
6157,0
2336,1
5971,0
13684,1
12306,0
14311,1
2995,0
2062,0
11611,0
10955,1
13668,2
15496,0
12684,0
9555,0
11420,1
15989,1
5288,0
16122,1
6382,0
12192,0
5479,0
5733,0
5845,1
3472,1
8823,0
6990,0
2775,0
4643,1
10795,2
3685,0
7911,0
5426,1
13840,1
509,1
14490,1
4370,2
6174,1
3710,0
4278,1
259,2
11842,0
10651,0
1676,0
11476,2
13330,1
4869,0
11105,0
11877,0
11679,0
7148,0
4443,0
10009,0
3542,0
11971,1
9034,1
5835,0
14043,0
11743,0
13812,0
6747,1
2992,0
10546,0
1702,2
6736,1
13849,0
11925,0
6955,0
1428,0
14344,1
5111,0
12812,2
3053,0
2312,1
15234,0
2716,1
12211,0
355,0
7762,1
1478,0
13479,0
14207,1
15204,2
1616,1
8238,0
3050,1
3327,1
9360,0
6677,0
13497,0
13635,1
10666,0
12715,1
7832,2
16934,1
5066,2
8302,0
11002,1
1386,1
16736,0
9897,1
11263,0
3631,1
15478,1
7052,0
6562,1
198,0
4049,2
11098,1
15697,0
16091,0
15275,2
11218,1
7421,0
8006,0
4780,1
1229,0
3300,2
15935,0
15109,1
919,0
4741,0
12294,1
4545,0
14185,0
12295,1
5116,1
663,0
12843,0
8701,1
8394,0
12044,0
1845,1
2261,2
7552,0
15192,1
7146,2
9828,1
11124,0
12482,2
15219,0
15379,0
194,1
12932,0
6124,1
6128,2
8769,0
15340,0
3827,0
15877,1
2007,1
6912,0
5823,0
15311,1
5541,0
6036,0
1557,1
7032,0
2406,1
5365,1
14980,0
7121,1
2457,0
10050,0
432,1
15725,0
10174,0
12060,1
834,1
7513,0
1389,0
1732,0
6648,0
11383,1
6805,1
16193,1
10381,1
1774,1
10154,1
6478,2
17042,1
15072,2
4381,1
12518,2
225,1
3471,1
15169,1
6950,0
3614,1
13213,1
15282,1
9263,1
5443,0
11872,1
3109,1
7702,1
9192,0
15203,1
5107,1
11966,0
10907,0
11962,1
13890,1
12359,2
2958,0
3824,0
10015,1
7512,0
1751,0
2240,1
501,1
1934,1
11918,2
3970,0
15509,1
12341,0
15196,0
140,0
2985,2
2189,0
16226,1
220,0
15626,1
7291,0
10019,1
13276,0
7542,1
445,0
5202,1
8864,1
12128,1
8359,0
13144,0
14478,1
13968,1
1700,1
1330,1
12111,2
11179,0
3596,2
9525,2
15778,1
8987,0
3330,0
3953,0
6911,0
14637,1
7925,1
15887,1
10617,0
7231,0
8655,0
7131,0
11221,1
16679,1
9344,1
2036,1
11585,0
13297,2
14173,0
8932,0
6941,2
9547,0
583,2
3842,0
11487,1
9170,1
15719,0
10134,1
15307,0
53,1
8213,1
3952,0
15403,0
2589,1
12457,0
14590,2
347,0
13484,1
12617,0
16437,0
14869,1
14120,0
97,2
9116,1
5935,2
9302,1
15677,2
16608,0
10349,0
4111,0
11893,1
635,1
14428,1
8336,1
5302,1
1388,2
13966,1
4230,0
15787,0
4845,1
5384,0
6568,0
5078,0
4541,0
11947,0
7767,0
16298,0
15213,2
13574,1
12502,1
11043,1
2638,0
11398,0
8279,0
8151,0
12109,1
10701,0
2717,1
2773,2
15686,2
3759,0
13599,1
4479,0
4588,0
2684,0
8485,2
11575,1
13938,1
12996,0
7879,0
9337,0
15323,1
5624,2
3506,0
14122,1
8710,1
2211,0
13347,1
10539,1
2415,1
12364,0
3717,0
230,1
14766,1
14438,1
1117,1
12082,2
2789,1
3255,0
8533,1
16911,1
15918,0
8036,1
15439,0
9115,0
15727,1
2877,0
5831,0
7470,0
15635,0
6980,1
2503,0
6812,0
2832,0
13034,0
3809,1
12825,2
13340,0
5500,1
2728,1
14625,1
1491,1
12118,1
9232,1
10449,1
4364,1
6906,0
4944,2
13391,0
6779,0
8003,0
16327,2
14317,0
16677,0
5218,1
4856,0
12273,0
16504,1
7403,1
8332,1
16439,1
13449,0
7058,0
1642,2
2784,0
2512,0
2688,0
11999,0
10601,0
12945,2
2483,1
12920,0
13653,0
10960,1
2198,0
3908,1
9821,0
9622,1
7063,1
5283,0
6758,1
491,0
11500,1
4877,1
10527,1
14027,1
6387,1
16633,1
15716,0
2603,1
16408,0
15504,0
4250,0
6122,0
5393,1
13691,0
2067,0
6826,1
6131,0
9059,1
12682,0
10830,1
3849,0
5853,1
13777,2
15535,1
3069,2
6430,2
8202,0
2903,1
10657,0
11073,2
12143,0
1972,0
2777,0
2498,0
11823,1
9198,0
1198,0
15291,0
3935,1
6587,0
3404,1
1195,0
1064,0
15695,1
5210,0
8496,1
2037,0
16308,0
7137,0
13304,0
4880,0
15278,2
7282,0
1831,1
2362,0
11133,0
2414,1
12309,1
5124,1
9596,1
16740,1
7475,0
908,0
12931,0
13887,0
3514,0
14142,1
5319,0
10654,0
11547,2
11250,0
3494,0
11806,1
5099,0
7850,0
14646,0
9895,0
15181,1
16693,1
15261,0
6513,1
1627,1
10876,2
7757,0
5251,1
14458,1
16751,1
11553,0
13697,0
5873,0
13076,1
9340,0
162,1
10150,1
11855,0
9435,2
3751,1
2341,2
14948,0
728,1
9267,1
10300,1
8458,0
12203,1
10492,0
3217,0
2521,0
9656,1
16187,0
15951,1
1030,1
7831,1
11874,0
4222,0
16964,1
12399,0
13064,1
10732,1
7874,1
14838,0
14108,0
8376,1
17140,2
4744,0
4718,1
15306,0
15274,2
15513,0
15265,1
785,0
4507,1
16078,0
701,1
6319,0
20,0
1035,2
16618,0
14636,2
2148,0
5445,0
11910,1
8852,1
9906,1
9081,0
7675,1
16120,0
12334,2
1253,1
10442,1
14907,2
10943,1
15850,0
13381,0
13078,0
12431,0
16154,0
2088,0
12721,0
15463,0
12759,0
12887,0
1258,0
12159,1
9685,1
3862,0
16580,1
7079,0
14287,1
14409,0
7499,0
5991,2
10213,1
16996,1
11733,2
6604,1
11324,0
9586,1
2724,0
9358,1
11347,0
12386,0
189,1
9891,0
12320,1
795,1
15114,2
5228,0
12683,1
4169,0
79,0
4212,0
607,1
16449,0
15664,1
3469,0
9079,0
3969,0
608,0
409,1
7116,0
8026,0
8355,1
12112,0
2035,0
16672,1
10333,1
9975,0
4659,1
11151,0
9920,0
12581,2
8822,0
4930,1
6087,1
2171,0
10028,1
9375,2
2950,1
14325,1
12089,1
14448,0
4352,0
6268,1
7652,0
7744,1
3391,1
839,1
12158,2
13814,0
16550,0
14208,0
5693,1
7946,0
14828,0
8547,1
16601,0
15883,1
15732,0
2423,0
2979,0
9940,2
2491,1
5706,1
12539,1
15380,0
12963,1
13900,0
5320,1
13824,1
13569,0
2901,1
5957,1
15813,1
13548,2
10928,1
16980,1
3262,0
8130,1
4436,1
2130,1
15190,1
1594,0
16498,2
14294,0
14473,0
16908,2
6806,1
7460,1
9735,0
6879,1
1844,1
2634,0
2891,0
7362,0
378,1
5981,1
8954,0
13911,0
8465,2
16686,0
13921,0
5611,0
7453,1
1764,0
17094,1
7449,0
42,1
4560,0
6205,0
2597,0
4858,0
15861,0
13637,0
591,1
14703,0
7589,1
1082,1
939,1
11895,1
656,0
9970,1
10604,1
12280,1
3390,1
729,1
417,2
17109,1
1948,0
9186,0
1376,1
3841,0
10452,0
4201,2
7650,1
11698,0
2322,0
8010,0
5930,0
4036,1
14419,1
7009,0
8305,0
4975,1
209,0
714,1
15244,1
9031,0
11518,0
1926,2
5657,0
6908,0
12008,1
1824,2
8638,0
14046,1
5842,0
8379,0
3711,0
10531,1
4747,0
1842,2
16324,1
203,1
5304,1
3670,0
11750,1
14643,0
55,0
9941,0
3219,1
3362,0
8826,0
1644,2
16962,0
11727,2
12284,0
14836,1
9231,0
1384,1
4586,2
6149,0
1346,1
14758,2
6295,1
14179,1
6663,2
6624,1
7900,0
1603,1
14621,1
4355,0
15807,0
15926,1
3276,1
14148,0
11062,1
4369,1
10392,0
16218,0
10156,0
5946,2
9062,1
3393,0
9502,0
14020,1
4259,0
1583,1
4847,0
1766,0
15563,2
14194,1
12649,1
6196,1
1713,1
13507,1
11674,0
16156,2
12122,1
15133,1
12225,1
6443,0
16409,0
6066,0
7965,0
15054,0
4165,1
6442,1
7367,0
16518,2
554,1
4890,1
8908,0
6240,1
15327,1
11818,0
4684,1
6818,0
9624,0
7673,2
520,2
3750,1
6409,0
268,1
1093,0
8527,0
4269,0
7656,1
7100,2
15770,0
9324,1
4009,2
16746,0
15470,0
2339,0
5813,0
6913,2
15267,0
11909,1
12627,0
4986,0
11738,0
10548,0
16985,1
4933,1
12657,1
136,2
10122,1
6809,0
499,1
4005,0
338,2
13106,0
7984,1
8259,1
3523,0
4522,0
10844,0
3319,1
16990,0
7719,1
899,0
14942,1
11782,1
15012,0
10199,2
4556,0
8653,0
11285,1
694,0
4267,1
4245,1
8556,1
803,1
295,0
14166,0
4018,2
12981,0
535,0
10024,0
8298,0
1496,2
10967,0
10064,1
14144,2
7199,1
16269,1
5159,0
10450,1
15122,1
149,2
1567,1
14444,0
6380,1
16159,0
11074,1
2182,1
7604,1
11677,1
11588,0
16473,0
2533,0
15187,2
16491,1
1185,1
12137,1
2026,1
13645,1
15353,2
8495,1
11917,0
4484,2
16290,1
7806,1
496,0
5329,1
16763,1
15042,0
12749,1
174,2
12713,0
1424,1
11976,0
6560,0
1399,0
5415,0
4576,0
2623,1
3284,1
667,0
11817,0
3064,0
9981,0
4592,2
13897,1
10819,0
15010,0
15095,1
2243,1
9366,1
1160,1
16848,0
8716,0
3279,1
16857,0
5122,1
12325,0
4103,0
1490,0
403,0
8675,2
8033,0
10723,0
8093,1
5483,1
5434,1
16194,1
9625,0
16749,1
1015,0
1371,1
15319,0
1729,1
2641,1
7735,0
2755,1
12,1
271,0
575,0
10768,0
14150,1
7764,0
13179,0
10808,1
7259,1
13123,1
2694,2
3483,1
7790,0
17069,0
9305,1
16553,0
10674,1
1976,0
7299,0
13554,1
14050,1
9930,1
15510,0
14225,0
12928,0
3626,1
2624,0
15011,2
6399,1
7039,0
12366,0
5685,1
16988,0
10686,1
13073,1
7584,1
12210,1
3410,0
4385,1
11226,2
10845,0
830,0
13517,1
13492,0
16424,0
12247,1
8408,1
4490,0
16844,1
2492,0
12917,1
5090,2
3938,1
9367,0
10648,1
13986,1
11907,1
4616,1
15237,0
8056,0
16042,1
6019,0
7958,1
9164,1
12885,0
6620,1
3473,0
1411,0
16220,1
15013,2
7441,0
14088,0
7011,0
14042,0
6052,0
10839,0
4167,1
6130,0
7971,0
6719,1
4437,0
16461,1
4883,1
15979,1
11757,1
5582,1
10105,2
15522,1
1577,0
8027,0
13647,0
2193,1
16174,0
6489,0
11313,1
8392,0
13694,1
7117,2
8143,1
14679,1
9471,0
1945,0
2796,0
14359,0
6467,0
15174,2
3216,0
12415,0
3078,1
14820,1
287,1
8929,0
14876,0
8326,1
8837,0
9608,1
14502,0
10473,0
1724,1
1313,0
13707,1
14873,2
8071,0
9120,0
9588,1
13879,1
2093,0
9163,1
3046,2
6675,1
6148,1
11352,1
8319,0
6551,0
11348,0
15955,2
4296,1
13215,0
16400,0
6192,0
606,2
17100,2
9329,0
7015,0
12666,0
11894,1
9091,1
14353,0
6547,0
14629,2
9271,0
11729,0
8983,1
8088,1
11239,1
16834,0
14724,0
2431,0
11522,0
12564,0
13955,1
6616,2
14573,1
16107,1
2047,0
14735,2
3874,0
12332,0
8053,1
15022,1
11176,1
16232,1
14969,1
13419,0
11267,1
6211,0
4336,1
16361,0
7175,0
4956,0
3130,1
12432,0
8146,0
13501,1
3583,1
7498,0
3351,0
9373,1
6480,0
5432,2
15882,1
15995,2
16474,1
11242,1
6778,0
4074,0
3967,0
15494,0
2918,1
5357,0
9635,1
6485,1
13075,0
7617,1
14203,2
7805,1
10741,1
5020,1
1526,2
12856,2
4308,1
5058,1
14139,0
11908,0
14396,0
11280,0
11291,2
5766,0
9246,1
5065,1
8334,0
15315,1
10933,2
210,1
5844,0
3163,0
15776,1
5543,2
15987,1
14710,1
3369,0
10695,1
14795,1
12667,0
8375,1
2766,0
12716,2
14837,0
14752,1
5295,0
10272,0
15297,1
8343,1
8765,0
7835,2
9616,0
8603,0
3595,1
14599,2
13417,1
10821,2
15541,0
14422,1
11576,0
4314,0
2863,0
17137,2
9361,1
13462,1
16481,2
6888,1
10790,1
4255,1
11403,0
13848,0
5161,0
1827,1
14072,0
13604,0
2468,1
5235,1
13514,0
5824,1
1352,1
9995,1
10071,2
14378,1
8682,0
10135,1
1314,1
14775,1
1933,0
12157,1
6227,1
1387,1
13444,1
4730,0
15333,0
11011,0
4377,1
12466,0
16790,2
8257,0
792,1
4439,1
5626,1
4335,0
6583,0
9633,0
14314,1
11505,0
15215,1
14635,0
2105,1
4624,0
5748,0
7605,0
14727,0
13463,1
13164,0
7355,1
14597,0
3049,0
12967,0
7194,1
11478,1
5259,0
2161,0
10774,0
17131,2
10017,1
6712,1
7574,1
8311,0
4696,0
11780,1
184,1
13719,0
13053,0
15028,0
2949,2
12520,1
14868,1
5068,1
2304,0
6477,1
7288,0
8174,2
3248,0
13058,1
11117,0
3897,0
16441,1
330,1
14343,0
5231,0
10544,1
4425,1
16958,0
12700,1
10465,1
6894,0
12369,0
10459,2
3449,1
1010,1
14469,2
1416,0
8048,1
15448,0
857,0
2841,1
367,0
8201,0
8162,0
16797,0
5700,1
4636,0
113,0
10388,0
11298,0
12796,2
15273,1
11204,0
14255,1
1983,0
13386,0
7875,0
4345,0
2392,0
12251,0
7425,1
10382,0
16727,0
6040,0
4725,1
4481,1
2458,0
15334,1
16279,1
12061,0
8520,0
13827,1
1294,0
9611,0
4400,1
1226,1
154,1
10868,1
281,0
1745,1
7680,1
12206,0
7496,0
16185,0
4096,0
3852,1
781,0
15305,0
16556,1
9440,0
10259,1
10035,0
1350,1
10229,0
13285,1
1563,0
1446,0
9546,0
15246,2
12612,2
12833,0
9513,1
14575,0
8227,1
13131,0
2003,1
8787,1
8453,1
6525,0
1800,2
7178,0
17026,1
7531,0
13718,0
9584,1
7871,1
15733,1
14968,0
8374,1
9617,0
15576,1
5524,2
4834,0
9847,2
16544,1
1264,1
7074,0
15474,0
6002,1
8272,0
4668,1
2064,1
10858,0
10685,0
10341,1
15371,1
15302,0
10323,1
2823,0
6777,1
10078,1
16860,0
7986,1
6938,0
6713,1
14067,1
5978,0
7380,0
9668,1
12565,1
7394,1
1400,0
13389,1
619,1
10306,0
1936,1
16814,2
4138,0
16310,2
10777,0
3835,1
5678,0
14605,1
393,0
15894,1
16081,2
3598,1
441,0
6415,0
8799,1
9926,2
4126,0
13870,1
4808,0
16398,0
3873,1
13757,1
3215,1
4891,0
12186,0
13268,2
3205,1
13085,1
16080,1
4765,2
12530,1
4438,0
4265,1
7115,0
8251,1
13764,1
6090,1
3159,0
1205,1
6274,0
14762,2
14662,0
14192,0
580,1
12187,0
15485,0
2817,0
5344,0
15860,1
218,1
9861,1
4333,1
2661,0
959,2
5695,0
12942,0
2008,0
3352,0
15831,1
4733,0
10891,0
5591,0
6763,0
2351,1
9088,1
16342,0
5909,0
13211,2
8767,0
4158,2
5769,0
15783,1
10266,0
4007,0
16995,1
8051,1
6977,2
14715,1
10990,0
6623,0
15007,2
13129,0
9442,0
13388,1
1908,0
3087,0
11515,0
7048,0
6343,0
12147,1
484,0
14611,2
5092,0
8416,1
10543,2
8019,1
15997,0
2308,0
15492,0
16495,1
6558,0
7347,1
7642,1
6510,0
2636,0
2648,1
5040,0
7671,1
10902,0
12056,2
10940,0
5442,1
655,2
736,1
13698,1
2814,0
15300,0
11586,0
1433,2
13265,0
6501,1
13234,0
3482,0
4053,0
6756,0
16726,1
16003,0
3608,2
14095,0
2404,0
3788,1
7316,1
15423,0
14812,0
584,0
7125,0
5473,1
6579,0
8762,0
10533,0
8870,1
16759,0
5363,1
12140,0
8832,0
13026,0
285,1
15154,0
437,2
8517,0
12387,0
6516,0
2970,0
3429,0
6112,2
6030,1
13530,1
14894,1
5856,0
6897,0
5168,2
15421,0
13081,1
6570,0
16312,1
14674,2
1146,1
8411,2
8092,1
13296,0
2602,0
11338,0
13425,1
16314,0
16323,1
13927,1
3107,0
3541,0
4260,1
6798,1
3895,0
8592,1
11492,0
14466,0
5650,1
12943,1
7544,1
3509,0
13685,1
8617,1
16783,0
16023,2
9161,0
1859,0
7995,0
5467,1
14270,0
4423,0
3102,0
10126,0
10837,0
8089,0
5976,0
16258,0
9310,1
5009,0
822,1
3093,0
16397,1
1199,0
9853,1
15063,2
16910,0
13915,1
15139,0
11880,0
15591,1
9203,1
7752,1
7637,0
5538,0
13175,0
552,0
4951,1
12571,2
6249,2
14751,1
758,2
12529,1
10621,2
8467,2
3063,0
8538,1
9432,0
4874,0
10474,0
15970,1
8199,0
5667,1
15459,0
1664,0
9817,0
16188,1
13828,1
5789,1
3810,1
5816,0
8484,1
16573,0
6172,1
14316,0
11870,0
13121,1
5570,2
14922,1
14528,1
884,0
6686,0
14804,1
5901,0
15143,2
5854,1
4841,2
14037,1
871,1
5142,0
10767,1
5346,0
14964,2
14583,0
13480,1
369,1
7704,1
16724,2
5196,0
10362,1
15096,0
11666,0
10037,2
11819,2
9002,1
11843,1
6263,1
15619,0
3652,0
15542,0
6594,1
2699,0
7238,0
435,0
3364,1
15557,1
16086,1
7424,0
5571,1
12755,1
11531,0
3394,0
13427,0
9087,0
16301,1
12077,0
3154,0
12480,1
13710,0
8549,1
1280,0
11889,1
3829,1
8935,1
1224,0
8292,0
3016,0
14089,0
8210,0
4399,0
13028,0
14112,0
8085,2
3826,0
2229,0
9111,1
6021,0
1786,0
10010,1
15116,0
12081,0
3502,0
4114,0
8963,0
11625,1
12563,0
9001,2
8308,0
8099,0
5457,1
5578,0
14029,0
6531,0
3589,1
8637,1
6722,0
15004,1
1698,0
7400,0
14472,1
8741,2
3142,1
2892,0
7090,1
304,0
11749,1
11913,1
13838,0
139,1
16236,1
15386,1
14789,2
8793,0
5299,1
4326,0
5655,1
13498,0
692,1
15811,0
12567,0
7999,1
8608,1
5958,0
7138,0
17101,0
13362,0
970,1
6239,0
684,1
3645,0
11093,0
6135,1
9121,1
5805,0
16355,1
5911,0
12895,1
3448,0
11123,1
2398,1
5070,1
1476,0
2385,0
9764,1
12677,0
12873,1
1659,0
9145,0
13246,0
16620,0
16722,0
7670,1
13414,1
8971,1
480,0
6060,0
16953,1
13884,0
10975,0
5294,1
8718,0
15257,0
6335,0
16646,1
8320,2
305,0
16381,1
943,2
10226,2
5149,0
11029,1
13224,1
13094,0
14240,2
8398,1
6490,1
10770,2
8777,1
5797,2
8884,0
2277,0
12728,1
9162,0
5350,2
14713,0
913,1
2707,1
10413,1
7869,1
12665,1
16100,1
14526,2
10541,0
13720,0
420,0
16391,1
12107,1
12296,1
7537,1
7904,0
5841,1
5557,2
1141,1
16898,0
10124,1
11954,2
2407,1
14266,0
13071,0
13007,1
14730,0
5641,0
7396,1
11774,1
14227,0
4129,0
5326,0
7940,1
2706,1
5984,0
14798,1
13288,1
1935,1
4553,0
16297,1
1041,0
12326,0
11502,0
8354,0
8801,0
8735,0
2045,0
5094,0
14432,0
13162,1
3486,1
3785,0
3032,0
12521,0
4063,1
2373,0
9213,0
9670,1
10988,1
5277,1
13922,0
8804,0
2019,1
11595,2
13963,1
10209,1
7379,0
10234,0
13172,0
1071,0
6968,0
2060,2
16913,0
12587,0
9240,2
13885,0
2318,0
3900,1
16707,2
5672,0
10968,1
16178,1
11605,1
2379,1
13171,0
1669,1
166,0
17103,2
9199,2
9949,0
12889,1
16248,1
13019,0
9665,0
14914,1
5322,1
12477,0
10802,0
11392,0
13157,0
6665,1
284,1
1943,1
8737,2
8069,0
16058,0
11732,1
5205,1
11224,0
9283,2
5529,1
13092,0
18,2
6348,2
16969,1
9574,0
8282,2
1956,1
7770,0
14747,1
3305,1
10313,1
12001,0
13253,1
11290,1
4971,1
2462,0
13985,1
8377,0
5125,1
16745,0
5906,0
582,0
58,0
12506,1
13091,0
11879,1
724,0
6612,1
9743,0
7326,0
11950,0
8849,1
12776,1
6817,1
5829,0
910,0
8969,1
15451,0
3720,1
6357,2
15728,0
10222,0
15572,0
12434,2
14036,1
6428,1
13696,1
13956,1
4220,2
9728,0
9777,1
6051,1
6776,0
8460,1
3169,1
416,2
16070,1
14544,0
6201,2
8008,1
11066,1
7623,1
15996,0
743,1
3206,0
14870,0
11,1
12078,2
12519,1
588,0
12310,2
11370,0
14864,0
1578,1
6534,0
12947,0
11848,2
5858,2
15146,0
3082,0
3964,1
8548,1
2298,1
16752,1
14833,1
12214,0
6511,1
8956,0
3899,1
7533,0
13126,0
12537,1
12726,0
1939,0
15367,1
13665,1
11624,1
6815,0
2674,0
10793,1
3705,1
12973,1
3615,0
11106,0
15346,0
7474,1
1100,0
10461,2
8576,2
6216,0
3187,1
2735,0
14482,2
5086,0
11713,0
14247,1
10268,0
7840,0
8713,0
1422,1
4680,1
4091,1
8866,1
1825,1
11333,1
3594,1
12190,1
7254,1
12488,0
12430,1
9660,1
14861,0
11813,1
6899,1
263,0
5152,0
14222,1
6499,2
4742,0
7376,2
6154,1
5091,2
7724,0
5013,1
14525,0
13678,0
8810,1
10852,0
9649,0
15984,1
14149,2
15731,1
4928,1
15351,1
11604,0
14459,1
16607,0
521,1
9527,1
6352,0
6325,1
15820,1
7658,0
8149,2
7710,0
1381,0
3379,0
17087,0
10082,1
16787,0
12086,2
16543,0
9251,1
6222,1
7522,0
6784,1
8834,1
1251,0
2083,2
1466,1
13163,0
8656,0
629,0
11033,1
10302,0
9845,2
10394,0
11390,0
16149,1
11964,0
10764,1
7086,1
6483,0
12872,1
92,2
3289,1
11846,1
8618,2
1552,2
13240,1
1070,0
13483,1
16521,1
6272,1
8096,1
14489,1
12508,2
1186,1
1076,0
7569,2
3574,2
2708,1
10484,1
1719,0
16680,1
16209,1
8597,0
14877,1
2225,1
11773,1
9687,0
8518,2
794,1
10038,0
13060,1
1374,1
1782,1
9523,2
13218,1
8110,0
17107,1
4430,0
8370,1
4482,0
9299,1
14030,1
9314,1
11834,0
7638,2
3195,0
3009,1
1595,1
12935,1
4984,0
2330,2
16411,1
9548,1
3329,0
10624,0
5899,0
13782,1
6406,0
7419,1
1284,1
3726,0
7786,2
12108,1
14648,0
2440,1
5821,0
16016,1
4868,1
4407,1
10921,1
10619,0
12907,1
14333,0
12597,1
16454,1
6127,1
8169,0
1397,0
9501,1
11562,2
11854,0
8125,1
8043,0
7802,0
14140,0
15061,0
16419,1
12293,2
8537,0
2201,1
5507,0
10827,0
14199,0
12216,2
10385,2
2854,0
3518,1
707,0
15543,0
13375,1
658,1
13382,1
3190,1
6927,0
8068,1
10592,0
5807,0
12979,0
9383,0
13687,0
545,0
16237,0
4539,1
2061,0
16094,1
1682,0
1354,0
1741,0
697,1
8620,0
10987,1
8432,0
10167,1
8616,0
15957,1
12367,1
8757,1
15235,0
5174,0
44,1
8338,0
10728,0
8249,1
6444,1
9876,0
4012,1
9561,1
11629,1
10228,1
2372,0
9785,1
8719,0
16338,2
3552,1
14696,0
4799,1
7348,0
8900,0
2401,2
13892,1
5331,0
14403,0
638,1
1194,1
17047,1
1611,2
215,1
9741,1
10789,0
6425,0
13390,1
10148,2
2616,0
10285,0
4552,0
7828,0
5219,2
2848,0
10751,0
11092,1
381,0
16253,0
13561,0
3484,1
3715,0
15443,2
8479,1
16547,0
10766,0
1189,0
4872,1
5147,2
9189,0
9918,1
3457,0
10823,1
14697,0
15596,0
10506,0
10299,1
4241,0
6076,0
4996,1
11027,0
7313,0
3879,1
2354,0
3417,1
16890,2
16272,0
6376,2
9372,1
9866,0
7182,1
1795,1
328,1
9259,1
14574,0
14045,0
10052,1
15426,1
15384,0
7370,1
8159,1
15749,0
5093,0
13464,1
12357,2
12985,1
2548,0
8016,0
10142,0
10448,0
5315,1
16849,1
4128,2
10866,2
1553,1
11632,0
1950,0
2771,0
4324,1
3823,1
9582,1
15059,0
3396,0
12914,0
11382,2
1168,0
7585,1
16675,0
11814,0
11220,1
4041,1
7269,1
6059,1
4829,1
11000,0
1392,0
12193,0
2480,1
10373,1
12555,0
7191,1
5630,0
14231,2
11258,2
14434,1
8930,1
15768,2
9750,0
11914,0
14616,2
12378,0
213,0
13293,1
13421,1
15413,0
14700,2
15441,1
1541,0
8906,1
11277,0
11351,1
9363,0
15339,0
5495,2
17097,0
6876,0
47,1
9988,0
16963,1
11118,0
16450,1
8172,1
11912,1
2572,0
14103,0
531,0
13029,1
12371,0
2868,0
8725,0
15796,0
8912,1
15358,1
7558,2
9725,1
4674,2
6203,0
7777,1
11745,1
11705,1
9812,2
12494,1
3616,0
11491,0
4977,1
1227,1
8268,0
2723,0
13249,0
15702,0
7966,0
7932,2
6009,0
15680,1
373,0
10172,1
5351,1
14930,0
11602,1
11108,0
3072,0
10530,2
8926,0
2264,1
8163,1
8154,0
11956,2
14362,0
3244,1
12572,2
4633,1
7595,0
8442,0
13984,1
9880,2
14392,2
11799,1
9696,1
11321,1
6824,2
6530,0
8972,1
4879,0
5779,0
3679,1
17127,0
7172,1
3704,1
15224,0
16168,1
15226,1
3331,1
2666,1
12219,1
6223,1
6565,2
11794,1
10995,0
10293,1
10233,1
12805,1
2389,0
16938,0
5175,0
6633,0
1736,1
12393,0
1762,0
7733,0
10865,0
6688,1
2618,1
7107,2
7870,0
10094,0
8328,1
10103,1
7065,0
10702,1
8472,2
9339,2
8622,0
13947,1
1610,1
15851,1
9393,0
14296,1
407,0
1511,1
17053,2
8593,1
16368,1
2501,1
8094,1
10316,1
15014,0
3881,0
2284,0
11286,0
1667,1
10889,2
4875,0
16117,2
3119,2
13667,0
4663,2
11201,0
8300,0
16836,0
13516,1
10398,1
1357,0
6884,0
12773,0
8639,1
7825,1
10573,0
7846,0
11948,1
10879,0
7801,0
9636,0
9056,2
2980,1
8502,0
14274,1
8872,0
13845,2
13675,1
10102,0
8651,1
9220,0
5566,1
10458,1
13861,0
1077,0
6333,0
3257,1
13441,1
1213,1
13412,1
1715,1
11682,0
16564,1
1840,1
15176,0
2378,0
12500,1
2715,0
14008,1
5712,0
8296,1
10724,0
3638,0
11827,1
2000,0
13090,1
3678,2
10978,1
7773,0
10411,0
4679,1
8553,0
7834,0
10804,1
9444,0
13586,1
7693,0
4722,0
10824,2
6355,1
11471,0
1651,0
10594,1
2396,0
3170,1
12786,1
15472,1
1733,1
12560,0
15127,0
15393,0
8333,0
9494,0
9379,1
15231,1
5808,2
6628,1
8921,1
6220,0
16092,0
1332,0
4907,0
8492,0
7583,0
15798,1
6022,1
12141,0
3323,1
138,2
1556,1
793,1
11375,0
11656,1
17110,1
13438,0
1306,1
9614,0
4084,0
10040,0
12025,0
627,0
14693,1
12402,0
251,1
15377,2
4417,0
7994,0
16287,0
12385,0
13405,2
11359,2
5615,1
2607,2
10166,0
9879,0
7266,0
16435,1
1835,2
13251,0
7249,1
14135,1
1829,0
12576,1
9308,2
2544,1
4215,1
672,0
9942,0
5818,0
6449,0
14364,0
1276,1
10755,0
15714,1
4180,1
12450,1
10292,1
6364,1
383,1
860,1
9902,2
13333,0
13136,1
11989,0
7489,1
14990,0
13923,0
10117,2
7646,1
13020,2
16516,2
13575,2
7858,0
4153,2
6441,2
4568,0
12824,0
3732,0
17112,1
7756,1
16093,1
15717,1
10965,0
5511,0
12523,0
7247,1
12690,1
16293,0
8064,1
577,1
16464,0
6983,2
2474,1
3156,0
15324,1
5868,1
12514,2
14957,0
6999,0
1044,0
9792,1
6825,1
9094,0
9873,2
9858,1
13396,0
2792,1
6647,0
9364,1
1750,0
982,0
5857,2
16052,2
4108,1
12698,0
4150,1
13167,1
13998,0
4728,0
6031,0
13895,2
13629,0
11449,0
1002,0
13750,0
16274,2
100,1
6700,1
13465,1
15986,1
14744,1
604,1
4229,0
14654,1
14269,1
14685,1
12138,2
9037,1
4188,1
264,1
16457,2
7157,1
4579,1
357,2
1624,0
16429,1
389,0
2872,0
10410,1
10179,0
569,0
1210,0
12675,1
3568,2
16014,1
15070,1
16421,1
3231,1
14847,0
2073,0
1482,0
14039,1
4123,0
5683,1
15757,1
15401,1
15683,0
4414,0
2790,1
6427,0
15956,0
16470,1
10264,0
3301,0
5057,1
1683,2
2141,0
12126,0
13345,0
16476,1
5454,1
3476,0
10083,1
14603,0
8759,1
13397,0
16931,1
6775,1
7369,1
3669,0
16981,0
10522,1
6781,1
14788,2
8942,2
13312,0
3241,1
10239,0
16699,1
9188,0
5692,2
5585,0
12834,1
9028,0
9521,1
160,0
2942,1
7779,1
6423,0
7491,1
11790,0
2033,1
1853,1
7709,1
4772,0
16586,1
7010,0
6792,1
3105,1
12468,1
3923,1
11034,1
11158,0
1202,0
12861,1
10353,1
10882,2
14545,1
2721,0
693,0
3563,0
16560,1
10926,1
10178,0
14500,0
1351,0
4006,0
7027,0
4949,2
16164,1
8842,0
14732,1
2086,2
7648,0
7862,0
1454,0
11427,2
9301,0
5515,1
11145,0
16711,0
1360,2
12960,1
5803,0
11692,1
14195,2
11905,1
5948,0
1066,0
2923,1
1367,0
9166,0
4382,2
12946,0
16369,0
5145,0
1113,0
3357,0
13159,0
9278,0
4387,0
1731,1
2851,2
16295,0
4504,0
15653,0
4057,1
3443,1
15655,2
11323,0
13083,0
3398,0
11644,1
9416,0
3251,2
4950,0
10507,0
14994,0
65,0
4454,0
1192,0
16876,0
10217,1
11294,2
14230,0
8356,1
11944,1
10375,0
4814,2
9226,0
8681,0
2573,1
8984,1
4133,0
14628,1
12919,0
3690,0
1756,0
10237,0
13596,1
13928,0
2540,0
17121,2
453,1
8478,1
16733,1
12583,0
14906,1
2195,0
2494,0
4319,0
7707,1
12629,1
7132,1
14244,1
274,0
9653,0
7001,1
4145,1
13766,0
14332,0
14259,1
14929,1
15845,2
11756,2
5572,0
4415,0
3386,2
14745,1
202,0
8494,0
5201,0
6682,0
10273,2
11369,0
12290,1
15806,0
8141,0
4537,0
2221,1
17060,0
16098,0
3367,1
6209,0
11608,2
13792,1
9072,0
14729,0
636,0
6226,1
13901,1
15705,1
3013,0
9568,2
11592,0
15148,2
15523,1
16587,0
5986,1
6526,0
11024,0
5618,0
4675,2
15843,0
4710,2
415,0
14610,0
15977,0
4519,1
15622,2
13759,1
3332,1
7708,1
5992,2
9797,2
12662,0
3188,0
8882,2
5720,2
3092,0
3290,0
9971,1
8854,1
16075,1
10355,0
3060,1
4738,1
37,0
5632,1
15464,2
10698,0
1497,0
1173,0
962,0
4700,1
12177,0
718,2
8585,1
1247,0
13074,0
12611,1
9565,1
14687,2
12916,1
2510,0
9913,0
252,0
2990,2
16935,1
6862,0
7682,1
5762,2
13023,0
11190,0
2022,0
9832,0
14904,0
8012,1
9997,2
7944,0
2551,0
16196,0
11977,1
5637,1
1815,0
4411,0
5710,1
15352,1
14336,2
11898,0
3353,0
11577,2
1206,1
6327,0
3039,0
8598,0
10538,0
14695,0
10510,1
5080,1
2749,2
16756,1
8490,1
1709,1
15975,1
14313,1
5895,1
13269,0
6186,1
10424,0
13929,1
2297,2
14327,1
8443,1
9805,1
681,1
6354,1
11858,0
3173,0
3610,0
15753,0
1232,2
12592,0
9070,0
6689,0
164,0
7545,0
11054,1
12467,1
6320,0
12794,1
3767,0
2450,1
2813,0
1725,0
6799,0
4275,2
10123,2
343,0
12782,1
11178,0
17124,0
15314,1
999,0
13951,0
5395,1
8594,0
14815,1
10107,0
15870,0
5406,1
2955,1
13197,1
9022,0
7947,0
12092,0
6622,1
7636,1
15582,1
156,1
2727,2
12791,2
15029,2
14676,0
8153,0
10759,0
12308,2
15663,2
3318,1
6898,0
8541,0
4072,0
14511,0
7818,1
14943,0
5024,1
13292,1
4140,0
12659,1
11282,2
8171,2
10962,0
4736,0
10390,0
14346,0
9851,0
6542,1
10216,0
16697,1
1525,0
8730,1
401,2
8796,0
16208,1
16277,1
1255,1
4941,0
15715,1
1778,1
11288,1
4952,1
6496,0
9893,2
15058,1
13222,0
8642,1
15804,1
9558,0
5232,2
10639,0
15781,0
12829,1
7616,1
12637,1
12100,2
6134,0
977,1
16254,0
11571,0
8203,0
9049,1
2783,0
10325,1
16989,0
15832,0
14849,1
4242,1
3223,1
6103,1
13584,1
8118,0
3226,0
507,1
2357,1
12790,0
7968,1
7973,0
6883,0
3538,1
1631,1
12644,0
4485,1
798,0
6998,0
6514,0
13486,0
12267,0
7012,0
7815,0
8891,1
8850,1
10098,0
14455,1
5460,1
9824,0
850,1
7245,0
16430,1
2808,1
1861,0
6512,0
15303,1
16591,1
1473,0
11103,0
16804,0
2536,1
12714,0
3746,1
819,2
5411,0
8840,1
15555,2
14073,1
5056,1
2943,0
16830,1
13027,0
11468,0
12039,0
2327,1
13868,1
1492,0
14239,1
10744,1
8824,0
6412,2
14365,1
14484,0
4467,2
3966,0
11582,2
7167,0
8383,0
4460,0
3540,2
6189,0
1542,1
12036,0
2108,1
6916,0
6672,0
2842,2
11694,0
502,0
10425,1
7621,0
9253,1
6195,2
3040,0
9168,0
2709,0
6260,2
16512,1
11820,0
303,1
7494,0
14186,0
9958,0
8435,0
2611,2
7634,0
1572,0
2204,1
8400,0
10423,1
4721,0
3794,1
7311,1
994,1
17123,0
9336,0
12110,1
16270,0
915,0
9044,0
2977,2
9688,0
15388,1
5687,1
14934,1
2020,1
1647,1
2691,1
3076,0
493,1
7730,0
6523,0
15035,1
14921,2
9572,2
12269,1
15100,0
15852,1
2779,0
51,0
14400,1
9101,1
8672,0
12717,2
4470,1
8066,2
3054,0
10169,1
1270,0
5758,0
7892,1
5696,2
3498,0
16249,1
6381,0
13030,2
8175,1
4619,0
10443,0
13875,0
9457,2
14845,0
9939,1
640,0
16133,0
8809,1
12471,1
17129,0
2043,1
12394,0
9328,1
14044,0
10365,0
12002,0
12197,0
15488,1
1222,1
3529,0
2862,0
928,1
4428,0
2695,2
10076,0
3716,0
11122,0
2931,0
9517,0
2447,0
10578,1
13926,0
64,0
4081,1
12503,1
8483,1
17116,1
2269,0
8427,0
8470,1
10513,1
2619,0
1797,1
14933,0
1174,0
12600,1
10155,1
1023,1
11821,2
6921,0
14777,2
7224,0
10606,0
13004,1
14153,0
6770,0
108,2
13666,1
10191,0
17027,1
13371,0
7338,1
14937,1
7119,1
5931,1
11364,2
4855,0
1125,1
13841,1
4281,2
6044,1
15490,1
5734,0
2668,0
2127,0
10372,1
6434,1
642,0
5227,1
11922,1
7267,0
5003,2
15784,0
8229,0
1084,0
2066,0
8877,1
2972,1
14865,1
8731,1
5194,0
8393,0
14128,2
75,1
11566,0
6519,1
2606,0
10536,1
16013,0
7611,1
7465,2
11072,0
14698,0
4595,0
11147,1
13786,1
7300,1
10720,1
3356,2
4692,0
14541,0
3795,0
6837,0
1193,0
12754,0
8459,0
13639,1
9086,0
5777,0
2984,0
6015,2
11274,0
9137,1
13518,1
12641,0
6375,0
3561,2
12256,0
10706,1
2583,0
4777,1
8386,0
10597,0
4334,0
10113,0
2754,1
9666,1
11332,1
16517,1
11135,0
8491,1
611,1
13893,1
11619,0
8951,1
1921,1
6576,1
13432,1
13472,2
5475,0
505,1
16139,0
332,0
131,0
1503,0
7902,0
14413,0
4892,1
10051,1
9609,0
13488,0
14874,0
15741,1
9075,0
9722,1
4409,1
1418,1
10212,1
10983,1
4712,1
15896,0
6353,1
844,0
10862,1
8487,0
8084,0
13600,1
7541,1
1949,0
11116,1
10478,0
16199,1
4508,0
2802,1
1267,0
8805,1
8387,0
5089,0
5033,0
7780,0
10294,2
15484,0
10633,0
6155,0
7171,0
12020,2
9068,0
13100,0
3360,0
7590,0
14256,1
6280,1
2917,0
4970,1
968,1
6656,1
13527,2
14786,0
14121,1
4521,2
7095,2
3769,0
12697,2
3068,1
12323,0
13310,1
7797,0
6684,1
6843,1
4174,0
1163,0
1980,1
1705,0
6577,1
1405,2
4163,0
16641,0
12589,0
13971,0
3766,2
7473,2
9385,0
4365,2
15142,2
1155,2
4502,2
11558,0
7612,0
11138,0
12510,0
9481,0
2409,1
2276,2
1037,1
6118,0
12037,0
5022,0
13558,0
16660,2
3316,1
11614,1
15038,0
13353,0
7408,2
6175,0
12000,1
9544,0
14052,0
4936,1
2443,2
2332,0
9814,0
2388,1
7208,0
14312,1
6359,0
1763,0
4889,0
14773,0
11203,0
5264,1
15968,0
16594,0
3312,2
2375,2
3008,2
6028,0
10642,0
5436,1
11235,0
309,0
12085,0
6277,0
7165,1
382,0
15614,0
16801,2
8652,0
1685,0
15840,0
10672,1
8714,0
12240,0
11747,2
12171,1
6169,0
17090,0
12032,0
8679,2
10146,0
3199,1
6643,1
7631,0
12877,0
1560,1
15337,1
11012,1
8626,0
16436,0
255,1
12195,0
9477,1
651,1
13724,1
15667,2
1710,1
15821,1
4759,0
2400,1
2100,1
7339,1
10338,1
17020,1
6013,1
6661,1
14960,0
5556,0
14368,1
12663,1
7102,0
16077,0
3869,2
4240,0
1150,1
14883,0
4252,0
7205,1
12787,1
10760,0
6469,2
4948,1
12747,2
4216,0
11701,0
13324,0
2762,0
10890,0
5109,2
11935,0
14457,0
892,1
13780,0
7055,0
12993,0
16540,0
11628,0
7538,1
14738,1
14001,1
12416,0
8447,0
1866,1
6836,0
15994,0
10986,0
11857,1
16375,1
10841,1
4360,0
15795,0
7820,0
3455,0
11310,0
11804,1
9729,1
3572,1
4717,0
6767,0
11919,1
10521,0
12953,1
4548,0
1885,0
11523,2
9380,0
1688,1
5387,1
1826,0
5049,1
13873,1
8696,1
10158,1
16629,0
872,1
9242,0
16642,1
5310,0
9795,0
933,0
13771,0
8306,0
4359,1
1887,1
8253,0
6459,2
5577,1
13118,0
12338,1
7883,0
4775,2
1841,0
9618,0
13402,2
16428,1
16215,1
11638,0
5619,0
3724,0
15182,0
5623,0
9465,1
4905,0
4798,2
1769,1
14879,1
6639,0
5180,1
4542,1
10328,0
2617,0
7486,0
2244,1
9646,1
3599,0
6867,0
1912,2
120,2
11463,2
12460,0
5018,0
3916,0
1911,0
13932,0
826,0
12166,0
12079,0
4677,1
5553,0
6939,1
5811,0
2927,2
14191,2
6974,1
2142,1
12183,0
16776,0
14801,1
4026,1
5385,0
7192,2
5031,0
15160,0
1396,1
6728,1
8226,0
14503,0
4032,1
2046,0
4517,1
4305,1
963,1
11437,1
12414,1
2274,2
2806,1
8601,1
16151,1
13834,2
8792,0
6910,2
11081,1
322,0
11716,2
3592,0
16842,0
16490,1
9374,1
16239,1
10267,1
4857,0
7204,0
16623,1
12658,0
14785,0
11761,0
12694,0
5599,1
228,0
16948,0
8284,1
4426,0
12650,1
195,1
4520,1
9404,1
9458,0
12319,1
3663,0
16685,0
974,2
2669,0
10099,2
7747,1
12363,1
1657,1
1369,1
15897,1
16562,2
4157,1
5038,1
1067,0
2496,0
9413,1
2601,0
6632,1
2224,1
2909,1
14326,0
16410,0
10324,0
2692,0
14125,0
14563,1
989,0
17083,0
7536,0
14155,1
2524,0
14530,1
3097,1
234,0
17033,0
8772,0
16416,0
10435,0
6318,0
7127,1
10403,1
8915,1
2172,0
2826,1
8078,0
5002,0
3867,1
3373,0
14538,1
12548,0
7750,0
5448,1
12028,1
9193,1
6116,0
13736,0
14984,1
6831,0
16047,1
4571,0
1602,0
12615,1
12977,0
7839,2
9012,0
2780,1
2631,1
1272,0
7953,0
16914,0
6029,1
16796,1
7059,1
7433,2
7599,0
15471,2
2490,0
1075,0
15455,1
3138,0
5955,0
1973,0
245,0
7749,0
14250,1
6732,0
8304,1
212,1
10023,1
6691,0
8119,1
9726,1
750,1
3233,0
8897,1
2739,1
3491,1
13341,1
9524,0
4919,1
6808,2
12236,0
15262,1
11581,0
11882,1
12449,0
4533,1
2217,0
14130,1
13070,0
16946,0
13194,0
4501,1
15450,1
11978,0
8508,0
6855,2
9125,2
8565,1
5278,1
9343,0
8903,1
8934,2
16786,0
14941,0
14912,0
6063,0
2852,1
11975,0
13335,1
16278,1
13648,1
15453,0
2106,0
2680,0
12406,1
16352,1
14620,1
10205,0
9536,0
10036,1
11050,0
4038,0
1899,0
6236,1
5275,0
1413,1
4427,1
16202,0
7766,0
12007,1
8896,1
5252,0
4073,1
7442,0
9069,0
1847,1
7354,0
8021,1
10184,2
4161,1
11474,1
10528,1
12408,0
12165,1
10518,0
9576,0
1788,0
3588,1
14890,0
11381,1
3112,1
2320,0
10898,2
3129,0
13690,2
2552,1
12992,1
3140,1
11988,0
52,1
10661,1
12798,2
6108,1
7317,0
7516,1
5011,1
15420,1
10588,0
14581,2
12051,2
8148,1
3407,1
8545,1
3474,0
8688,1
5121,0
11770,0
9131,0
14923,1
8786,1
12337,1
15197,2
3150,0
2232,1
6254,1
5241,2
1050,0
4001,2
7361,2
2588,0
3182,0
16761,1
8671,0
3719,0
9403,1
8705,0
15389,0
8263,0
5187,0
1243,0
8150,0
11810,1
16059,0
4464,1
9107,1
7451,1
17136,0
10850,0
9712,2
2348,0
9604,2
2886,0
3388,0
4572,2
3772,0
14799,0
4419,1
2146,1
9165,1
8294,0
10321,0
5039,1
16201,2
8221,1
1065,0
1118,2
10183,0
8994,2
11567,0
9214,1
14992,0
10605,0
6679,0
12373,0
13088,1
9753,0
15438,1
2395,1
3419,0
15049,0
10888,0
4122,0
5010,1
3184,1
10992,0
15589,1
12131,0
2785,0
9978,1
2360,0
15034,0
15434,1
12241,2
5885,0
3654,0
7662,1
9265,0
8024,0
5392,0
6401,1
4818,1
2057,0
13468,1
13563,0
1257,1
4261,0
15585,0
11740,0
2158,2
16262,0
10364,0
15156,1
9346,0
9784,1
12971,1
2002,0
16648,1
11993,1
15859,0
4623,0
11709,1
2319,1
3381,1
11671,0
11653,2
10088,0
1975,1
16584,0
14542,0
722,0
12651,1
4580,0
10000,1
9529,1
270,0
14567,1
7156,1
5664,0
6655,1
7715,0
10966,1
13259,0
567,1
2507,0
8049,0
16040,1
2159,0
9371,0
14329,1
11499,0
13453,1
5138,0
896,0
15791,0
11378,2
645,0
9473,0
3603,0
6946,0
5537,1
6914,0
11325,0
6545,1
6644,0
5882,1
749,0
16213,1
16909,0
2676,1
15579,2
14054,0
7351,1
16322,1
4781,2
769,0
7856,1
8252,0
11483,1
7237,1
4340,2
429,1
7418,1
14970,0
14178,1
6646,2
1893,0
10556,2
6754,1
11334,2
1219,0
6448,0
12496,0
2834,0
5580,1
9634,1
11473,0
14667,0
5254,0
5913,1
10055,1
15538,1
11923,0
4979,1
3127,1
16687,1
7255,1
14147,0
2740,1
10482,1
2655,2
3162,0
3026,0
6461,0
6058,1
5812,0
9915,1
15117,0
13257,1
12554,1
5883,0
7081,0
8857,0
4776,0
8970,0
11166,1
226,0
8020,0
14884,0
8709,1
13677,0
2124,1
8607,0
695,1
16256,0
15210,2
2371,0
13539,1
7350,0
4543,1
15536,1
14109,1
8107,0
2767,1
523,1
10941,1
5716,0
8339,1
13597,1
2646,1
8195,0
10554,2
14875,0
6563,0
27,0
9422,2
6463,1
15136,1
13613,1
3314,2
9827,0
2940,0
15249,0
15985,2
8462,0
10318,0
16036,1
3946,0
7232,1
16111,0
12876,0
6823,0
10204,0
13282,1
4451,2
9822,1
12631,0
5261,1
6432,1
16768,1
11627,1
8748,1
15651,1
10215,1
14512,0
11318,1
11538,0
11572,0
13795,2
9698,0
14468,0
16496,0
10340,1
1261,0
12027,2
5132,0
1259,2
145,1
13044,1
5354,1
250,0
6759,2
3143,1
16670,0
260,0
3856,1
7562,2
15164,0
41,0
14559,1
14736,2
15636,1
11424,0
14669,0
7619,0
3519,1
13615,0
16855,0
11481,0
9183,0
14075,0
6717,0
5631,0
6064,0
16113,0
13933,1
2206,0
5996,1
9974,0
506,0
14242,0
16034,0
13135,1
13588,0
11056,1
11816,1
15722,1
9118,0
15009,1
1240,0
13669,2
7848,1
14954,0
7826,0
13416,1
10584,0
11995,1
12104,0
5600,2
13350,0
10440,0
8105,0
11712,0
3021,0
14198,1
9943,2
4937,0
5647,0
15724,0
2615,0
759,1
10400,1
7988,2
8126,0
1436,1
261,1
9396,2
2594,1
8037,0
1139,1
14164,1
10253,2
11035,1
7836,1
424,1
3496,0
9598,0
4558,0
1052,0
14000,1
4283,2
4704,0
8098,1
13227,0
2964,0
14950,1
14725,0
10262,0
14188,1
8454,1
1457,0
1776,1
8313,2
6133,0
14462,0
2941,0
7295,0
15558,0
2410,0
8420,1
449,0
14338,1
7800,0
4523,1
3481,0
10332,1
10618,0
3534,0
9066,0
11335,0
15408,0
13570,1
12744,0
14651,0
12297,1
15382,1
13962,1
11863,0
4693,1
12703,0
11616,2
7004,0
13912,0
16263,1
14275,0
5401,1
603,0
469,0
15175,0
6595,0
2926,0
9090,1
890,0
10157,2
7265,1
13520,1
13940,0
9207,1
15923,0
15289,0
2908,0
1327,2
5148,1
6391,0
5059,0
4966,2
10112,1
9961,1
7592,1
4630,0
5742,1
14053,0
3659,0
13939,1
15895,1
13057,1
4131,0
8086,0
13146,0
10754,1
1932,0
9919,0
12956,0
16137,1
8235,0
4681,0
1494,0
14787,1
6290,1
10140,0
8699,2
3444,0
7392,2
3736,0
9256,1
6466,1
4549,0
11501,0
16160,0
1517,0
13376,0
16282,0
7404,2
14918,1
12244,0
4559,2
7437,0
14506,0
3817,0
3017,0
3237,1
9589,1
4925,0
14160,1
12271,1
1759,2
8604,2
623,1
3270,1
5791,1
15356,2
770,2
14577,1
2576,1
10684,1
15628,1
13180,1
10553,2
9421,1
15575,0
12475,0
8390,0
12201,1
15097,1
10590,2
1670,2
11647,1
9003,0
10634,1
16721,2
7141,1
1108,0
7343,1
6940,1
11725,1
15754,2
8488,1
1596,1
15268,0
8795,1
3878,0
8395,1
11069,0
7908,0
3265,2
2768,0
1937,1
13858,0
4773,0
10291,0
1370,0
3655,2
1818,0
6107,1
8132,0
11342,0
12654,2
7553,1
10872,1
16012,2
13107,0
14215,1
874,1
9370,0
78,1
11593,1
4676,0
14190,1
190,1
3950,0
15857,1
3877,0
4870,0
12009,0
13754,1
5725,0
6533,1
14491,1
8187,0
7242,1
12668,1
1994,1
15290,0
3637,0
7506,0
4754,0
805,0
6035,1
8941,0
11949,0
8848,2
16961,0
4293,2
4850,1
14955,2
2595,0
3221,2
13401,1
2323,0
12648,0
12013,1
16936,0
16235,1
1068,2
13461,0
12321,0
14587,1
6852,0
14863,1
455,1
8075,1
9515,0
12155,0
8695,0
7067,0
16471,0
4137,1
9221,0
5097,0
4516,2
7330,0
3447,1
10775,1
1550,1
2025,1
14218,1
397,0
807,1
5910,1
10560,2
5819,1
11615,0
14712,1
16332,2
11251,0
3030,0
9680,1
3836,1
15777,1
16808,2
2285,1
13717,1
1740,0
4946,1
16977,1
12738,1
2947,1
10252,1
8596,1
4812,2
1638,1
11734,2
12069,1
6774,2
4821,0
8764,1
273,1
14578,2
3101,0
1309,0
15030,0
9006,1
11847,1
2238,0
7627,0
11036,2
11915,1
13606,1
16949,1
11929,2
973,1
11941,1
16881,0
14579,0
15113,1
9794,0
6199,0
8351,1
11365,1
10401,0
2241,0
11565,1
13095,2
8283,1
7781,1
9276,0
3549,1
4101,0
16376,1
11724,1
12084,0
14848,0
5947,0
3604,1
11556,2
11902,1
15867,2
10944,1
7891,0
7830,1
8863,2
8591,0
10591,0
6891,0
7626,1
5490,0
10776,2
10501,0
3489,1
10934,1
15110,0
2405,1
6740,0
5652,0
16841,1
4995,0
4625,0
9136,0
11025,0
6311,0
2087,0
3566,2
5106,0
7609,1
2815,0
11194,1
10026,1
15972,2
11399,2
4029,0
12443,0
15672,0
6650,0
12266,1
3858,1
7761,1
10208,0
9684,0
8612,0
3234,1
8402,0
7928,1
13354,0
10786,0
15422,2
5512,0
10783,0
12845,1
3090,1
10210,2
4249,1
15900,1
16403,0
8524,0
9184,0
16110,1
16406,0
8247,0
8720,1
9642,0
1515,0
19,0
3661,0
4500,1
6482,1
11386,0
10952,0
2531,0
4544,1
14944,1
14641,0
4389,0
5754,0
5919,1
5207,0
7956,0
12182,1
11130,2
1325,0
12401,1
16515,0
5676,0
2081,1
14664,1
2843,0
11040,1
17059,1
15763,0
2048,0
13760,0
7763,2
15497,1
15865,1
9996,0
11533,2
16054,2
12486,2
486,1
13410,2
12867,2
4196,0
3527,1
13702,1
17031,0
10137,0
8477,1
16366,1
16417,1
13305,0
14655,0
5171,1
8111,1
3837,1
6559,1
10008,0
8878,0
14235,0
6397,0
11991,1
15460,0
10503,1
10057,1
3521,1
4231,0
2265,0
13533,0
5830,2
15799,0
9065,0
11255,2
12400,1
17035,0
682,1
2439,0
15240,2
17086,0
6180,0
8577,0
4503,1
13481,0
1288,0
3465,0
12073,0
16708,0
4591,1
16588,1
1537,1
1315,1
16622,0
14656,0
15750,1
5119,0
5347,0
2794,0
13363,1
16956,1
16479,1
9487,0
9567,0
4789,1
11379,1
4388,1
6556,0
6820,0
6143,1
1241,1
16503,1
13910,0
3042,2
7594,0
6645,0
8044,2
16066,0
12614,1
10929,0
462,1
7050,0
1140,1
10086,0
12425,1
6342,1
9475,0
8905,2
11171,0
15640,1
10532,1
6370,1
16621,0
10244,1
3713,1
7644,1
14410,0
11939,1
11900,0
9356,1
3186,0
10347,0
433,0
16567,0
4923,1
94,1
10016,0
7736,0
10711,0
2453,0
2899,1
377,1
16260,1
13894,0
673,1
6299,0
3569,1
6429,0
8662,0
4310,0
8232,0
9224,1
3275,1
11459,0
13619,0
2023,0
11418,0
423,0
8519,0
677,0
6046,1
15270,1
147,1
1903,0
8794,0
4832,1
16500,0
9844,1
14156,1
643,0
6748,0
14779,0
11060,1
5456,0
14580,0
6743,0
13237,0
12972,1
2916,0
924,0
9638,1
8778,2
8829,2
6150,1
12878,0
2365,2
14846,1
9986,1
7760,1
16858,2
5825,1
10832,0
2267,0
4080,1
12911,1
7687,1
4661,0
2945,0
15848,1
11864,0
11763,1
13318,0
14184,0
8925,1
13551,1
8559,0
11431,1
5917,1
9391,0
14087,1
9581,0
6602,0
8246,0
14585,0
6006,1
3166,1
601,0
12031,0
12558,0
2289,1
4453,0
16477,0
15417,0
1978,1
5531,0
1728,0
3020,0
3291,0
7024,1
13961,0
11301,0
2094,0
13790,0
8413,1
9272,2
6450,1
10143,1
13649,1
12688,0
6100,0
5206,0
6213,0
7212,0
2934,2
16030,0
8324,1
1561,0
9998,2
7677,0
3114,1
14640,0
16930,1
16718,1
5045,1
9004,2
8693,0
2502,1
5665,0
10232,0
3944,0
293,2
1963,1
5405,0
15056,0
11958,0
842,1
6703,0
8901,0
15551,0
12169,1
3526,0
13093,0
16803,0
16725,1
1771,2
13593,0
8091,0
1918,0
13773,1
2936,1
15090,1
7810,1
10938,2
5834,0
6417,0
5975,1
8600,0
8424,1
14167,2
14260,1
17071,1
14802,2
15211,0
6081,1
13515,1
16822,1
3503,0
7035,1
6905,2
12681,1
498,2
14619,1
1372,1
2114,0
11200,1
15577,1
5972,0
8109,0
7778,0
5257,1
16645,1
7432,1
13407,1
4030,1
16674,1
1459,1
2481,1
9736,2
15228,1
6125,0
13763,0
15465,0
8264,1
9320,1
13706,1
16593,1
6571,0
1362,1
1816,1
1322,1
13055,0
16945,0
1484,0
4020,0
7785,0
13692,0
15779,0
376,1
297,2
7297,1
3962,0
2665,2
4784,1
7893,1
1456,0
4574,1
4849,1
7422,1
1166,2
11579,1
12735,0
16901,2
4132,0
8170,0
14257,1
15889,1
14882,0
6543,0
13979,1
3986,2
2202,1
553,0
8353,0
2246,0
54,1
16364,0
4087,0
17077,1
13980,1
17000,0
11436,1
9898,0
9194,0
13994,0
15837,2
15194,2
10769,2
10675,1
10128,2
10073,1
16527,1
201,2
6671,1
11639,0
43,1
8409,0
11281,1
6846,0
14591,0
11881,0
74,1
11841,1
15069,0
6085,0
8721,0
6344,1
11937,2
16870,0
485,1
11172,0
16923,0
3146,0
8337,1
3197,0
1984,0
15406,1
1692,0
4071,1
2752,2
1873,2
15044,0
5793,2
10643,0
10159,0
10956,1
5318,1
13056,0
11871,0
10981,0
4328,1
6618,0
4968,2
6077,1
10647,2
9290,1
731,0
15521,1
12005,1
6956,0
6731,0
10726,1
10718,2
15639,0
12173,1
3261,0
15885,1
16755,2
11211,1
4844,2
3510,0
12868,0
10307,1
10182,0
12922,0
6008,2
979,1
11564,0
16613,1
3141,1
12094,1
10207,1
16924,1
6383,1
6507,1
15937,0
8677,2
901,0
5489,0
7622,0
1249,1
4394,0
6505,0
14398,2
2041,1
13850,2
4582,0
5822,2
8029,1
14264,2
13776,2
11607,0
6053,2
13154,1
13395,0
5753,1
15743,1
13245,1
15112,0
1006,1
958,0
1629,0
1228,0
1509,2
12253,0
3815,0
96,2
8815,1
9775,1
1613,2
9351,0
2144,0
9531,1
14856,1
12778,0
159,0
8862,0
6146,0
10001,0
16170,2
4410,0
5923,1
1307,1
16478,1
9534,0
12058,0
9300,1
1404,0
8407,0
16148,0
2058,1
4924,0
13326,1
6641,1
16038,2
4649,0
7942,1
1020,2
10303,0
2681,0
10665,1
1992,0
14900,0
14110,1
1142,1
4878,1
808,0
15802,1
11742,2
15574,0
6416,1
14604,0
13322,1
14354,1
2013,0
7686,0
9539,0
4942,0
9178,1
8032,1
2499,1
7588,0
8959,0
4037,0
12384,0
2968,0
9693,0
11875,2
9078,2
7091,1
12965,0
14038,0
6919,1
2774,1
11457,0
2021,2
14115,0
14197,0
12969,1
6670,0
5922,1
13109,0
1129,2
13493,2
7579,0
7960,0
9854,1
6147,0
3478,1
11053,1
14101,0
9730,1
5335,0
15701,1
7657,0
9950,0
14807,0
7951,0
11699,0
4867,1
15766,1
10141,1
7073,1
4487,1
6294,0
12913,0
4785,1
8776,0
11052,1
14092,0
15456,0
1275,1
1814,0
12959,0
8430,1
8510,1
7610,1
12303,0
3240,1
7440,1
4851,1
14055,0
15881,0
16655,0
5032,0
5904,0
3983,1
12461,0
3528,2
687,1
2411,1
9182,0
9599,1
17006,1
9447,0
3682,0
907,2
4843,0
7136,1
13806,0
4567,1
2178,0
314,0
10863,1
10270,1
6918,0
12335,1
9024,1
3999,1
8602,0
14437,1
15188,2
2511,1
13377,0
10950,1
16184,0
13199,0
1458,0
11985,1
5123,0
579,1
12642,1
8742,0
6023,1
10486,1
1597,0
5506,0
2076,0
282,1
14216,1
16114,0
9629,0
351,2
2704,0
153,1
11373,0
3657,2
7678,2
16037,0
12770,0
8613,2
6575,0
3790,0
6878,0
15354,1
1165,1
16446,1
12374,1
13349,1
16096,0
6079,0
14246,2
10368,1
12743,0
13173,0
1301,2
14492,1
427,1
5982,1
16526,0
4961,1
12448,0
11924,0
14557,1
12990,0
6819,2
7564,0
7732,1
2744,2
6071,2
14811,2
6630,0
945,0
6495,1
12435,2
16422,2
9771,1
4978,0
12955,2
16511,0
1187,0
1752,0
6265,0
6167,0
7996,0
1450,1
176,0
5509,2
6813,0
4192,0
242,0
15107,1
14961,1
3723,0
8667,1
4185,0
4148,0
15491,2
5760,1
15630,1
2528,2
14905,0
12004,0
15325,1
4236,0
9057,1
12906,1
15818,0
7150,1
1942,0
3639,0
877,0
1463,1
8703,1
817,1
13031,0
11896,1
15792,1
13536,0
11005,0
8497,1
14004,0
7110,0
4065,0
4429,0
14064,2
7384,0
12810,2
12923,0
4939,0
1000,1
1063,2
955,2
13930,0
4233,2
3121,0
3196,2
2878,0
1003,0
12792,1
2614,1
2672,0
10534,1
13281,2
3749,1
10021,2
9048,0
4807,0
1952,0
8939,1
7098,0
2764,0
5085,0
14289,0
2256,1
8461,1
9972,0
6520,1
9537,0
5170,1
3957,1
3918,1
3288,1
7811,0
468,1
10308,0
4008,2
12260,0
13610,0
3434,1
4731,0
16771,0
14699,0
9330,1
207,0
5795,1
6312,0
3965,0
10466,2
7241,1
1915,0
14068,1
4912,0
4881,0
9040,1
8928,1
2104,1
941,1
475,0
7040,0
1429,1
3202,0
10014,1
2268,2
14514,2
11634,1
14558,0
15565,1
12407,1
9073,0
8090,0
6302,2
6793,0
7483,0
16979,0
8345,2
6298,1
14903,1
1633,1
9064,1
3224,1
414,2
16242,0
13203,0
6303,0
8050,0
15284,1
16074,0
4491,1
2493,0
6761,0
678,1
3437,0
2408,0
11442,2
16343,0
3801,0
8000,0
6755,2
15017,1
11853,1
16448,0
2989,0
16211,1
10994,2
5592,0
14059,1
9985,2
2833,1
7897,1
5417,0
13723,1
6426,0
3660,1
16568,1
16401,0
13990,0
2111,1
16738,2
4403,1
13510,0
7768,0
9154,1
4599,0
7447,0
17025,1
10680,0
10152,0
13111,1
1895,1
3144,1
12864,1
8879,1
1668,0
16425,1
6139,0
11199,0
947,1
163,0
11371,0
11851,0
16688,0
4446,0
9110,1
8940,1
2271,1
2541,1
9461,1
14741,1
11167,0
9862,1
2155,1
1220,0
11219,1
16370,1
7147,0
9369,2
15668,0
5949,1
4655,2
8265,2
3085,1
5633,0
9397,0
16339,1
12926,1
5444,0
13103,1
12574,0
837,0
2128,0
8575,0
7565,1
15665,0
10761,0
980,0
942,1
6582,0
11584,1
13742,1
11636,1
12205,0
16268,0
3131,1
8999,0
9448,0
16125,0
9787,1
14991,1
9989,1
15189,0
1896,0
16809,1
8867,1
1495,0
15670,1
15067,1
14243,1
12351,1
9218,1
1364,0
16700,1
10693,1
7688,0
7466,2
9603,1
16216,0
16728,0
6408,0
7252,0
3497,1
9999,0
9863,1
6050,1
689,2
13459,0
3029,1
1734,1
1335,0
594,1
10068,1
11252,1
2134,1
6368,2
12017,0
6664,0
5462,2
14464,0
5525,1
14706,0
12130,0
2260,1
14517,1
14546,1
4957,1
11448,1
11637,0
4887,1
14278,1
13924,0
5289,0
8927,0
11177,1
12671,0
6841,1
12397,0
15516,1
14598,1
8188,1
573,0
13418,0
6768,1
10280,0
3740,1
8561,1
4100,0
15216,1
9010,1
5413,0
11225,0
8014,0
12453,0
15744,1
16198,0
6668,0
83,2
1891,0
2191,2
9522,1
10557,0
9108,0
5291,0
11828,0
1135,0
4139,0
13367,0
11904,0
10942,0
11528,1
2630,0
2960,0
15429,0
8917,1
8904,1
14857,1
11414,1
1545,0
7668,0
2697,0
10061,1
1958,0
10290,1
7993,0
7120,1
14672,0
7028,0
7341,1
14083,1
8968,1
1190,1
2645,1
2314,1
7144,0
3937,1
11010,1
541,0
9459,2
2157,0
12634,1
9014,0
12329,1
4749,0
7,2
10671,1
3370,1
15239,1
5608,1
2001,0
9425,1
12958,0
12156,2
12339,0
16671,1
4638,0
3418,1
3981,1
12847,1
7526,0
14494,1
6012,0
13314,0
16161,0
10496,0
8236,0
15161,0
2791,2
481,2
229,2
7964,0
10918,0
5548,1
2812,0
516,0
7721,0
8087,0
7580,1
10589,2
14649,1
7727,2
13819,0
4384,0
9757,2
7294,0
12729,1
1442,0
15344,1
6476,0
1947,0
1938,0
13978,1
15477,0
2448,2
15971,0
7755,0
1834,1
2317,1
9801,0
16138,2
813,2
7597,0
2004,1
3044,0
6989,0
9960,0
5654,0
14704,2
14497,0
11157,1
7196,2
2082,1
11936,0
5677,1
14615,1
5034,1
3307,0
9489,1
4358,0
5237,1
1216,0
7189,1
2732,1
15167,2
7272,0
13618,1
4908,1
15166,0
14047,1
16831,0
4660,0
10483,0
6349,1
3297,1
2756,1
5584,0
460,1
173,1
13360,1
16640,0
4075,1
9009,0
15931,0
1234,2
15657,0
8185,0
1534,1
13876,0
11506,1
4331,1
1805,0
2467,0
12570,1
446,0
16960,1
12355,1
3649,0
12620,1
10874,1
9019,0
1435,0
7844,0
1558,0
1695,1
14237,0
16864,1
10903,1
5595,1
6844,1
1802,1
11095,0
17066,0
7315,1
6610,0
5649,1
14412,1
15960,1
10301,1
10555,1
6992,1
1706,1
3056,0
16275,1
16221,0
16050,0
11256,0
16089,0
1997,0
3485,0
9733,0
1268,1
16846,0
9674,2
15364,1
4172,0
16920,1
12643,2
10959,0
14163,1
8060,2
10241,0
16456,1
1850,0
4475,0
15681,1
6521,1
13323,0
3477,0
6881,0
5804,1
316,0
1107,1
9855,0
1527,0
16732,1
4546,1
6742,0
458,1
528,0
3883,2
11824,1
3576,0
14236,2
182,1
1755,1
5861,0
12164,0
838,0
11312,1
14301,0
9648,1
11953,1
8452,0
8322,1
1130,2
14594,1
517,1
7796,0
7445,1
9185,1
15106,0
9690,0
10916,0
6114,0
6993,0
1677,0
2027,0
11186,0
2156,1
6454,0
3402,1
2343,0
13731,0
16906,1
13909,1
6014,0
1869,1
9275,1
8817,0
4024,0
14293,0
10351,2
5763,0
16839,0
7166,0
6115,1
4379,0
12674,1
3479,0
2382,1
3207,0
16902,1
16362,1
16717,1
4093,0
11341,0
11009,1
2399,2
204,0
12237,0
8192,0
3384,0
24,1
15853,1
6782,1
7990,1
8182,0
17085,0
12465,1
13329,2
3378,2
16628,0
15550,0
14791,1
4651,2
9076,1
2321,0
14650,1
15115,1
3441,0
15788,2
3149,0
5191,1
10881,1
16932,1
2437,0
14310,2
14286,1
11737,0
6184,0
5929,0
6958,0
4284,0
15862,1
14756,1
15569,0
11004,0
14728,1
5648,0
16684,0
14388,1
12167,1
14596,0
7495,0
8732,0
16393,1
10752,2
13595,2
9632,1
16469,1
11861,1
605,1
12172,1
849,1
14265,0
4313,1
13446,1
12857,0
2840,1
8121,1
3038,0
2599,0
15041,1
7233,0
9841,1
11648,0
12451,1
921,2
1423,1
14552,1
11693,0
12196,1
17111,2
12423,0
3560,1
14548,0
7108,0
14183,1
16399,1
12304,1
593,1
16482,2
6322,1
15952,0
4330,0
12459,0
9485,0
15168,0
15052,0
12552,0
8893,2
4641,0
1652,0
16026,0
13774,1
15890,0
10062,0
14938,0
7013,2
751,0
11992,0
519,0
15528,0
1059,0
10494,0
7783,1
13830,1
10603,0
14633,0
5336,2
12902,2
9651,0
8391,0
5484,1
4195,0
13413,2
13623,1
16986,1
15767,1
7503,1
875,1
8231,2
345,1
746,0
13032,0
1654,0
7306,0
14499,0
918,1
15688,1
2138,0
12866,1
10704,0
4214,0
9430,0
14739,0
9289,1
15473,2
6258,1
10610,0
361,0
11380,1
11213,1
1904,0
11161,1
1472,0
3501,2
12372,1
15103,2
2428,0
11669,0
15606,1
10519,0
8341,0
12893,0
12410,2
9752,1
3791,1
8022,1
6372,0
11494,1
5440,1
9244,0
16022,1
10147,1
10748,1
998,0
167,0
14740,1
14886,1
9954,0
6807,0
15173,1
15993,1
9719,1
15643,1
9843,0
236,0
4836,0
5817,1
15410,2
10526,1
8509,0
1149,0
3537,0
9219,0
6068,0
10622,0
17081,0
12678,1
868,0
5308,2
1115,1
14569,0
7977,0
9103,0
12292,0
14439,2
15247,0
192,1
936,1
15597,1
14593,0
9173,0
8692,1
16821,1
9793,1
7923,0
10765,1
6151,1
26,0
14411,0
10149,0
612,1
5496,0
996,0
10493,0
3252,2
11955,1
12871,0
13500,1
16959,0
8916,0
1278,0
13370,1
3907,0
3463,1
6697,1
10075,1
13052,0
3832,0
12245,1
15487,1
6935,0
14176,1
6573,0
15891,0
8309,1
10875,0
7887,0
10772,1
12719,0
12822,0
10269,1
7305,0
5400,1
6693,1
15230,0
3855,1
858,0
7234,1
13859,0
10386,2
4297,2
3763,0
5088,0
7201,1
7534,2
4862,0
8196,1
14433,2
6241,0
10345,0
504,1
14553,2
10397,0
2098,2
7320,0
12557,1
13931,1
319,0
10283,0
870,0
704,0
9067,1
168,0
12263,0
9124,0
14299,0
4462,1
9288,2
7803,1
15638,1
992,1
8266,1
15817,0
5213,1
4056,1
9326,0
16169,0
981,0
10632,0
9963,1
7314,1
13775,0
10081,0
8015,2
2110,0
8532,0
11088,1
12575,0
5248,1
2719,0
9606,0
14279,1
9734,1
11668,0
13881,0
1506,0
13181,0
6692,0
2305,1
3590,1
10565,1
3380,1
6982,1
16341,1
10470,1
308,0
4247,0
16970,1
3487,0
352,2
6398,0
777,0
3922,1
12656,0
10716,1
15586,0
10198,1
15381,1
7303,0
13394,0
6049,0
7620,2
14988,0
3084,0
866,1
9723,1
1403,0
551,2
8583,2
4833,1
12476,0
14638,0
11232,1
10278,1
12042,0
916,1
13184,1
1571,1
3629,0
13837,0
7664,0
610,0
394,0
3948,2
9210,1
5898,1
2370,1
2639,1
14168,1
208,0
3033,0
9782,1
2484,1
9053,0
9455,0
13842,0
4338,1
8240,1
1048,0
10138,2
15976,1
15587,0
1625,1
5480,1
2328,0
15476,0
13860,1
1701,1
14169,0
12551,0
9842,0
8384,0
2381,0
4395,0
11400,1
5686,2
15415,1
10339,0
14871,1
4383,0
7331,1
9187,0
6366,1
10782,0
883,1
15671,0
2139,0
13888,0
13306,0
2329,2
5709,0
3347,0
11779,1
4292,2
9909,0
2459,1
17029,0
16850,0
13585,0
2219,2
11100,1
11702,0
7142,1
8760,1
3775,1
7557,2
6720,0
2822,1
12376,1
4104,1
10287,1
15991,0
12441,0
8783,0
15738,2
13374,1
10426,1
5253,0
11413,1
2620,1
5969,0
15965,1
1430,0
7734,0
16360,0
13188,1
14424,0
9870,1
10689,1
3677,0
14702,0
1605,0
8378,0
3340,0
3229,1
81,1
9243,0
8690,1
6208,1
16872,1
6544,1
6937,1
3996,1
4900,0
4398,2
5108,1
2907,0
11326,1
6617,0
2418,1
2220,1
15266,1
7044,1
7228,1
7479,1
7672,0
6928,0
16748,1
16542,0
11673,0
9503,1
16494,0
6248,0
14114,0
10357,1
1874,0
10566,0
14501,0
12711,1
14003,0
2529,1
12246,0
5596,1
952,0
14722,0
1250,1
6453,0
6177,2
10030,1
9205,0
6452,0
171,0
11680,0
3055,1
7751,1
13169,0
11489,0
12175,1
12512,0
16265,1
7954,0
16083,0
13550,0
3507,1
905,0
4351,0
15609,1
2369,1
11696,1
2570,2
7822,0
10366,1
11192,2
16029,1
5076,1
1663,0
13661,0
15220,0
13190,0
2760,1
15183,1
12314,2
8534,1
14555,1
1176,1
16837,1
8242,0
7415,1
14772,0
15613,0
7308,1
763,2
15560,0
2896,1
9811,2
1573,0
5994,0
6874,0
6065,1
4171,0
5907,1
4210,1
14328,1
13423,0
8358,0
8063,1
1184,0
3070,0
2251,0
1212,0
13170,2
34,1
766,0
9564,0
1792,0
7264,1
5389,0
12300,0
11126,1
8763,1
10912,1
14374,1
7431,0
5990,0
16770,1
11485,0
8528,0
7066,1
4418,0
10218,0
16372,1
10871,0
2713,0
11832,0
6687,1
7714,0
2071,1
7477,1
4816,2
4208,0
10361,1
2181,0
14626,0
2517,1
7955,1
3041,1
243,1
4322,1
1796,1
16489,1
11539,1
13740,0
3551,1
10756,0
13013,0
3499,0
1589,0
4354,1
8633,1
15024,2
10327,0
2153,0
2577,2
15892,0
11058,0
15924,2
13039,0
15929,1
12511,0
11859,1
3687,1
2412,0
561,0
3648,0
11665,1
9257,2
1394,1
7357,0
102,0
12695,0
7880,1
14086,1
2039,1
14895,0
7439,0
11596,1
4199,1
3778,1
12655,0
3520,2
5903,0
13801,0
2413,1
16647,1
12307,1
3738,1
4885,1
2870,1
11008,2
576,0
10571,0
11372,1
9410,2
15287,1
8079,0
3847,0
1209,2
12429,0
7377,0
193,0
2435,1
9152,1
4106,1
3806,0
940,0
13010,2
2228,0
9401,1
4838,1
12133,0
5114,0
7262,0
14252,1
5262,0
4027,1
1955,1
3954,2
14832,0
1621,0
3374,1
3905,0
11132,1
11507,1
6037,1
2698,1
16895,0
224,0
5141,2
5788,1
5337,0
76,0
16326,2
6931,2
1337,1
16636,1
1882,1
10980,0
2030,0
7649,1
15191,0
13907,0
8382,1
8582,0
9927,1
10311,1
17079,0
4526,1
11623,0
5765,0
11472,0
16966,0
13124,0
6470,1
11642,1
5421,0
9030,1
10742,0
10498,2
3354,0
291,0
7054,1
5542,0
4584,0
16617,2
3239,0
2034,2
14127,0
5037,1
5701,0
4054,0
8482,0
169,1
6903,0
666,0
8712,1
14971,1
16286,1
9011,2
10616,0
388,1
1137,2
6593,1
1366,1
3349,1
11007,0
5563,1
1347,0
6506,2
16583,1
1079,0
2976,2
12043,0
324,0
2613,0
9463,0
6007,0
10971,0
5925,1
5313,2
1666,1
6047,0
3440,0
7641,2
7230,1
12638,0
16418,0
9038,0
4043,0
15292,1
14171,0
10125,1
15179,0
5588,1
518,0
1297,1
13066,0
8658,0
9579,1
13339,2
12691,0
13957,0
2451,1
15963,1
10972,0
17074,1
14019,1
14831,1
2196,1
14550,0
11110,0
9799,0
3338,1
7236,1
10077,1
12939,0
10305,0
9362,2
16595,1
7197,0
3797,1
14161,0
16723,1
7485,0
4119,1
14562,1
3712,0
4015,1
1359,0
3774,1
2200,0
1156,1
14571,1
12830,0
16155,1
17032,0
9551,0
10206,0
4840,1
11720,1
6729,2
4486,2
14418,0
7193,1
2233,0
12145,1
1110,1
16063,0
9146,1
3811,1
13051,0
16955,0
16367,1
12274,1
3001,0
3936,1
15693,1
4893,1
8836,0
12545,2
13357,0
13704,0
15908,1
9,0
6289,0
14017,0
7501,0
9149,0
5974,1
5889,2
7896,1
5166,0
329,2
1830,0
8973,0
3395,1
5200,0
16330,1
4115,1
15808,1
10814,1
12344,0
10668,1
1513,2
6161,1
17010,0
7853,1
10662,1
14932,0
7725,1
5573,1
14504,1
16045,0
13277,0
16067,1
10271,2
15135,0
11458,0
7321,0
4200,0
10495,0
13161,0
16896,1
1455,0
8102,0
12346,0
9000,1
10652,0
11520,1
11245,0
4922,1
451,0
5321,0
799,1
5697,0
4489,1
2207,1
11432,0
6259,1
15771,0
3508,0
4159,0
8321,1
9233,1
11685,1
5576,0
5967,1
2850,0
16316,0
5446,0
9783,0
5790,1
16694,2
10951,0
6267,1
6324,1
12767,0
11247,0
1018,0
16359,0
12590,2
15177,2
17073,2
3024,1
15747,2
2986,1
3628,0
11042,1
14137,1
15594,0
4447,0
2991,1
13319,1
3047,0
14268,2
6714,1
5767,0
14723,1
10710,1
13743,2
4992,0
15600,1
2380,1
12436,1
10129,1
2733,0
1143,0
7112,1
5364,0
760,0
10255,0
11303,2
1876,1
13565,2
11930,1
4239,0
1977,1
15241,0
2235,0
1925,2
960,1
9139,0
14321,0
3232,0
5338,0
11416,0
4823,0
2247,1
5362,0
6275,1
14720,0
15505,2
3868,1
61,2
15293,0
16507,1
16984,0
4028,0
3997,1
9973,1
4618,0
10004,2
13226,2
14520,1
12298,0
2875,1
2566,1
10455,0
5477,0
589,1
6745,0
3019,1
2742,0
11876,0
15570,1
17122,1
13817,1
2122,0
15131,1
6230,0
7665,0
5260,2
4346,0
12588,1
10214,0
15578,2
16575,0
9472,0
1248,0
2642,0
12151,2
8936,1
10153,0
7345,1
12849,1
10136,0
2455,1
5865,2
4927,1
7372,1
2386,0
753,1
4004,1
15819,1
8708,1
13905,0
17022,0
12446,0
16524,1
725,1
5372,0
16710,1
16005,0
7283,1
16695,1
7985,0
11207,0
13491,0
6084,0
855,0
12113,1
3337,0
1920,2
448,1
547,0
13433,0
4086,1
5554,0
8183,1
16065,1
2278,0
1653,1
7674,0
8349,0
11405,0
8945,0
15529,1
10977,1
4600,1
12202,0
15208,2
16046,1
11856,1
4459,1
8663,1
1281,0
2593,2
1678,1
3080,1
16060,1
12342,0
11048,0
13317,0
8269,1
16838,0
3930,0
4287,0
9559,0
9877,1
13385,0
13182,1
16020,1
8774,0
12547,0
4822,2
15988,2
12980,0
525,2
16957,1
10818,0
10005,0
11840,0
1218,0
4805,0
9156,0
7603,2
12783,1
10200,0
6969,0
11104,1
15077,1
4183,1
12585,0
4683,1
5960,0
11340,0
2912,1
3666,2
16224,0
11549,1
9424,1
4991,0
7285,0
233,0
12533,0
5851,2
5007,1
4348,2
10705,1
9402,1
5932,0
15227,0
5143,0
9247,2
11945,1
13948,0
529,0
6392,0
3171,2
16616,0
13393,2
6377,0
11236,0
15372,1
12741,0
5558,0
1988,0
8,1
17093,1
15301,1
10481,1
7974,1
16257,1
4656,1
6458,0
16271,1
13474,0
5459,0
13042,0
13133,1
2416,0
5478,0
3368,2
2883,0
11367,1
7169,0
13821,0
13291,0
13906,0
4575,0
6212,0
15737,0
10925,0
17080,2
8451,2
12903,2
5902,0
8222,0
4743,1
16396,0
9113,0
14924,2
10139,1
7434,0
8838,0
1039,0
10432,1
15739,0
11129,1
12775,2
16468,1
10545,1
6215,0
16941,0
16997,1
12964,0
2356,0
3984,1
2179,1
3212,0
5727,1
13781,0
5183,1
8342,0
12848,2
16692,2
2889,2
11613,1
11445,1
3591,1
1246,2
7375,0
4136,1
9286,2
3000,0
13177,0
14810,0
14005,1
9449,1
3782,1
16552,0
3792,0
181,1
16267,0
6751,0
555,0
7289,0
12549,0
3971,2
11961,0
106,0
3700,0
12568,2
2393,0
10615,0
9132,0
2799,1
14602,1
5973,0
8648,0
12601,0
12892,1
16485,0
7772,0
5708,1
5668,0
17135,1
13151,0
13496,0
1223,2
11183,1
8910,1
9639,1
8738,0
13640,0
2919,0
1865,2
4270,1
10211,0
13325,0
12490,0
10277,1
6497,0
8001,0
9250,0
9864,1
12209,0
93,1
6300,0
8955,0
14840,1
1886,1
2586,0
15446,1
9493,1
1502,0
6660,0
5360,0
7741,0
7215,0
2730,0
3100,0
12382,0
16561,0
13411,1
9763,0
4547,1
12440,1
7899,0
7487,0
13562,0
6323,2
15879,1
8998,1
3120,1
13611,0
10613,1
11020,0
16976,1
3209,1
13466,1
4228,1
6572,1
4752,0
4176,2
16762,0
15901,1
2259,0
9123,2
5621,1
6010,2
14377,2
6529,0
1148,1
13343,1
12751,1
9803,0
15844,0
1714,2
7703,1
2281,0
4219,2
15973,1
2921,0
11080,0
12699,0
16285,1
11831,1
11751,1
16765,0
6651,1
2996,1
14827,2
11622,0
10593,2
5985,0
11942,0
7356,0
9051,1
12264,0
16878,0
4980,0
2248,0
4083,0
1440,1
4445,1
7698,0
7401,1
16497,0
7129,1
13260,0
14746,0
15915,0
3164,2
15828,1
6362,1
15506,0
10007,0
10188,1
8083,1
513,1
15411,0
8803,1
4703,0
6954,0
222,0
15941,0
11071,0
9239,1
11055,0
13143,0
7365,1
9498,1
11866,0
1072,0
9773,0
4763,1
14554,2
15299,0
8555,2
320,1
6104,1
16222,0
5539,1
9966,1
4483,0
7076,1
10409,0
11649,1
10640,1
4025,0
2180,0
348,0
362,2
11082,2
1136,0
9834,0
16039,0
13141,1
16025,0
10418,0
15527,1
4657,1
15105,1
6365,1
2294,1
9607,1
16720,1
9020,0
10810,1
7607,1
11957,0
8410,0
6439,1
8562,1
10505,0
9936,0
4002,1
5102,0
2610,2
4606,1
9172,0
11355,1
3741,1
984,2
4698,1
5416,1
16907,1
6336,0
14560,1
15149,0
11849,1
13560,1
12422,1
2472,2
323,0
12752,1
8966,1
1147,0
11620,0
3730,2
13791,1
15376,1
17061,0
165,1
16875,2
2829,0
3932,0
6475,0
9492,2
11573,0
14032,0
9652,0
2928,1
13880,1
11544,1
5407,0
3707,0
16525,1
10577,1
12478,0
10811,0
7293,0
253,1
3432,0
4226,0
8052,1
1910,0
6706,1
7021,0
11654,2
17034,0
214,1
11426,0
7094,0
8335,1
15902,0
6117,0
12144,1
4830,1
9662,1
8931,0
16205,1
10121,0
10296,0
13332,1
14996,0
14010,2
9715,0
6872,1
11730,0
15588,1
1922,1
8868,0
13315,0
13796,1
6673,0
7436,1
10600,1
4189,0
15553,1
2249,0
5240,2
2911,1
6657,1
13934,0
16534,2
13954,1
3536,1
8770,1
3752,0
6966,0
5245,2
3134,1
4175,0
2117,1
6165,0
39,2
16238,1
2736,0
3876,1
1628,0
1328,0
8204,0
2567,0
1361,0
3416,0
9419,1
13992,0
17064,0
2005,0
10540,0
9905,0
16462,1
5941,0
9796,1
11970,0
8369,2
902,1
14323,0
6269,2
7949,1
2649,0
2160,0
14680,1
2520,0
13379,1
17113,0
647,1
4218,2
5244,1
2640,0
10884,0
9931,0
7606,0
11568,1
4972,0
9705,0
9331,0
12154,0
10402,1
3468,1
821,2
7921,0
12207,0
6727,2
1343,1
12208,1
3701,1
5864,0
13359,2
3461,0
12526,0
756,0
7456,2
2922,0
11150,0
8135,2
1808,1
6038,1
1843,1
3333,0
15475,2
16731,1
2085,1
5839,0
13456,0
16528,0
8635,0
14015,2
15641,1
7246,0
11952,1
14251,1
15128,0
3978,0
9420,1
7056,2
12072,0
14576,0
6839,2
6062,0
2932,1
14228,0
10796,0
9587,0
15138,0
16486,1
5528,0
7111,1
16189,2
6089,1
15708,0
14967,0
8580,2
4135,0
5025,1
10331,0
2538,0
2711,1
6262,0
778,0
16162,1
9480,1
8124,1
4987,0
15002,0
9451,1
3979,1
10224,0
11741,0
2571,0
6601,1
13337,0
7202,0
11460,1
14508,0
13477,0
4734,0
8191,0
11374,0
3985,0
5079,0
4929,1
5267,1
11540,1
266,1
12949,0
764,1
7979,1
9191,1
5048,1
6546,1
15933,0
4536,1
15008,0
16851,0
3618,1
11987,1
3515,0
983,1
16027,1
9313,0
14539,1
2029,0
788,0
15650,0
466,1
975,1
15493,1
995,1
16683,1
878,1
5193,0
5341,0
9628,1
13662,0
16816,1
8357,1
7123,0
1855,2
13187,0
801,0
7213,1
3756,0
13503,0
761,1
7333,1
12228,2
5749,0
7435,1
7959,2
5169,1
10746,2
16866,0
7278,1
8967,0
15966,0
15430,2
9169,2
894,1
6106,0
3178,0
4943,2
125,1
7523,0
17046,2
5062,0
10703,2
3727,1
16130,1
8816,0
10567,1
16017,0
5455,0
3580,1
4191,0
13046,1
3467,1
2473,1
11097,0
845,0
15599,1
3125,1
6358,0
3658,0
4711,2
10176,1
5561,0
3617,1
5653,0
10416,0
12403,1
7863,0
7972,0
12962,1
9046,2
5669,0
470,2
3919,2
368,1
15621,1
14077,1
2059,1
5464,1
16296,0
6235,1
12283,0
7287,2
602,0
13122,2
1045,0
15790,0
11775,1
10969,0
14070,1
9134,1
1581,0
1823,1
1529,0
15118,1
5396,1
15762,1
9788,0
15053,1
14839,0
1269,0
5458,0
1040,0
13155,1
4645,1
4052,1
15674,2
4702,1
13768,2
16729,1
5246,1
15627,0
7916,0
4518,0
14261,0
2811,1
1793,0
9454,1
16589,1
12789,0
9042,1
5136,0
3002,0
5989,2
2828,1
1883,0
8007,1
14639,1
2584,0
564,1
14300,1
10279,1
10089,1
16563,1
1083,0
8501,1
8177,1
12874,0
6764,0
2805,2
16501,1
10641,0
3974,1
4300,1
5875,1
3003,2
14091,0
4962,1
11078,1
16069,1
754,0
6379,1
13807,0
5606,1
4444,0
9450,0
16631,0
14356,0
10197,1
4947,0
12937,1
3546,0
6011,0
16460,0
4362,0
14945,0
9359,0
454,1
6056,1
3786,1
6886,0
11284,0
1971,0
1822,0
1308,1
9112,0
8962,1
4750,0
7591,0
8166,0
15593,1
6567,0
9443,0
12970,2
13355,0
450,0
10820,0
16152,1
8650,1
14742,0
5029,0
3562,1
9179,1
336,0
3160,1
6473,0
12427,1
4626,0
9295,1
12718,0
2578,0
6350,0
5732,0
1345,0
8323,0
14159,0
16123,0
4753,2
6105,1
800,0
16007,1
12358,1
16103,0
14217,0
10964,1
10043,0
13753,1
8274,2
7812,0
3650,0
4256,0
11099,0
10048,0
7632,1
2637,2
6394,0
11271,1
9659,0
11811,2
11309,0
14989,0
4420,0
15126,0
10697,1
1123,1
613,1
10699,0
8127,2
7270,0
15919,1
9526,2
9130,1
6451,1
16854,0
15185,2
4800,0
8503,0
6488,1
5757,1
3124,0
1321,0
7170,0
8474,1
15399,0
6635,0
14129,1
7775,0
4302,0
11268,1
9626,0
8160,0
3011,2
14421,1
5520,0
6219,2
7640,0
8937,1
340,1
4955,0
14104,1
15233,1
10636,0
299,1
9765,1
12034,1
12340,0
12117,1
11488,1
2245,1
11612,1
15375,1
10515,1
12418,0
3672,0
13886,1
10731,1
12239,1
14175,2
12396,1
8876,0
4343,1
15047,1
7720,1
15518,0
2465,0
16536,0
11344,1
862,2
8733,0
9395,2
10243,2
12390,0
10957,0
9549,2
13616,0
11916,0
1919,1
15661,2
10487,0
13556,0
3268,0
7416,0
13006,2
1674,0
12704,1
8909,1
14632,1
2051,2
8290,1
14859,1
3213,0
2556,1
456,1
9144,1
10999,0
811,2
4848,1
15662,2
292,0
5402,0
14659,2
10326,1
12272,1
1703,1
10457,1
28,1
755,0
3776,1
14726,1
2747,1
2500,0
12897,1
9325,1
15958,1
8511,0
11921,2
2629,1
7368,1
7461,1
16106,0
16643,0
13999,1
12517,0
8756,0
9029,0
1635,0
1889,0
14997,1
14451,0
828,0
3693,1
12927,0
7130,1
659,1
14617,1
13789,0
15765,1
13256,0
10065,0
14431,0
16157,0
7930,0
1872,1
15269,0
6901,0
7746,1
8657,1
11433,1
13636,0
10374,0
13969,0
15025,0
8360,1
585,0
15236,2
15200,1
6915,0
9510,1
6662,0
7082,0
2897,0
6500,1
4688,0
6586,1
6652,1
4860,0
11121,0
5409,2
5376,0
15824,1
14284,1
12360,0
14803,0
4648,1
6835,1
8241,1
13651,0
244,1
11388,1
15140,0
6614,0
257,1
2387,1
11046,1
3686,1
9158,1
6198,0
13553,0
6156,0
7903,1
6822,0
4021,1
815,1
12991,0
12019,0
13877,0
12584,0
3753,1
10805,1
4973,1
9484,0
3296,1
4898,2
16994,1
4886,0
8112,0
8573,1
14564,1
2286,2
7729,1
476,0
14653,1
13960,2
1,2
14913,0
5620,1
5190,0
6102,1
15286,0
12055,0
3838,0
3739,1
5959,0
3977,0
7914,1
7374,2
1804,2
2497,0
15163,0
2476,1
988,1
2222,0
14085,1
2673,1
2776,0
12003,1
5498,0
11891,1
7481,1
1619,0
9160,1
8899,0
440,2
1377,2
5311,1
9316,0
1704,1
1864,1
3993,0
9810,1
13420,0
2831,1
16453,0
4605,1
7978,0
16072,0
13853,0
12317,2
733,0
9143,1
11168,1
4614,1
4620,1
3115,0
9277,1
219,1
9830,1
16124,1
6961,1
12599,0
15540,1
15888,1
7804,1
1126,1
2024,0
3903,2
3225,2
3274,0
5590,1
595,0
2331,0
3924,0
15855,0
15407,0
13115,0
11160,0
9706,1
4697,2
7571,1
9964,1
6337,1
13495,1
3699,2
7692,0
13797,1
444,1
8018,1
12702,1
10985,2
6704,2
10609,1
1875,0
951,0
10006,0
6509,2
8661,1
16912,1
16572,2
9109,2
13672,2
12607,1
1098,2
2464,2
4213,0
4117,0
12933,2
6281,0
11610,0
1737,0
6001,0
267,0
4804,1
11205,0
13617,0
7430,1
1105,0
9707,0
5670,1
6849,0
7352,0
14776,0
12793,0
10445,0
1025,2
13080,2
2236,1
3844,0
15212,1
12014,0
12732,1
13261,1
13316,0
5908,0
15927,1
17072,1
9460,0
11038,0
13752,1
1289,0
7808,0
9820,1
5280,0
6821,0
9282,0
2882,0
6340,1
11444,2
9114,0
7022,1
10886,1
15199,1
3161,1
11560,0
891,0
14852,0
398,1
8417,1
7745,1
8426,1
597,0
12901,1
14220,0
9594,1
6987,0
10119,1
15026,0
14376,0
7007,0
12689,0
4562,1
385,0
5071,2
14452,2
8385,1
14754,0
16703,0
4746,0
14,1
492,2
1452,0
130,1
9689,0
5463,2
9857,1
932,0
8307,0
4989,0
790,1
2183,0
10408,1
17108,1
12412,0
2208,1
508,2
5640,0
14850,2
3095,0
15532,0
3845,1
11503,0
11658,1
12974,1
7975,0
10627,0
16840,0
16585,0
13125,1
2605,2
6765,0
9248,0
6347,1
11454,1
14447,0
4301,2
8047,0
4960,0
7776,0
7030,1
11951,1
384,1
4726,0
11519,1
12854,0
13047,2
953,2
11960,0
15992,1
3636,2
16918,0
5711,1
16799,0
13544,0
15436,0
10063,1
8726,1
11826,0
13344,1
16967,0
14383,1
12803,0
1609,0
12433,2
14016,0
748,1
9983,1
6101,1
5833,0
5453,1
15846,0
654,0
2563,1
3254,0
12259,0
12802,1
13826,1
4405,2
10911,2
13889,0
35,0
3917,0
11156,1
349,0
8434,0
9718,2
6744,1
11253,1
16778,1
2056,0
16541,0
4202,2
13787,0
10189,2
2438,1
15864,0
7145,1
8331,0
14985,0
5420,1
6666,0
4271,0
4706,0
16315,0
17106,0
2167,0
581,1
865,0
12710,1
4474,0
11600,0
10092,0
625,0
5184,0
1661,1
11238,1
13232,1
1998,0
8256,0
16781,1
126,1
5468,0
730,1
11795,0
339,0
2981,1
4665,1
13248,1
4168,0
8157,1
1546,0
12404,0
2018,0
7472,2
16337,1
7554,0
10825,1
13769,0
14423,0
21,0
7600,0
3325,1
7106,1
10106,1
13624,2
13289,0
3439,1
1568,1
15556,0
527,1
12676,0
7304,0
4170,1
3575,0
12915,0
14707,0
13482,0
1263,1
2978,0
1204,1
3885,2
3059,0
13794,1
8507,2
5838,1
12542,1
10230,2
12988,1
13244,0
4116,1
13255,0
10469,0
12287,0
2270,0
3269,1
7092,0
7047,2
5469,1
1854,1
13005,0
7014,1
4107,1
14915,2
6619,0
2368,1
16484,1
11718,0
8456,1
5238,0
14951,0
1914,0
16893,0
13973,2
1480,1
934,1
6581,0
10576,0
10736,1
10596,1
14214,1
8028,0
6346,1
11021,1
10056,0
13725,1
9535,2
7158,1
12229,1
13937,0
9533,1
861,0
13298,0
10508,0
14157,1
4476,1
3201,1
13865,0
315,0
13424,0
4094,1
8855,1
12049,1
15145,0
11065,1
12184,2
2149,1
9678,0
17105,1
6188,1
2288,0
10348,2
8883,2
2154,0
15698,0
2227,0
9212,0
13048,1
1443,0
9540,2
10883,1
8441,1
13063,0
4046,1
2983,2
13212,0
3004,1
13729,0
5006,0
5679,0
8814,0
3865,1
4186,0
6228,0
11089,2
7563,1
12598,1
15646,1
15223,1
6739,0
11717,0
6191,0
3522,0
7068,1
11887,1
2433,0
6132,0
8743,0
6936,1
4173,0
11401,0
14748,1
7524,0
14946,1
14162,2
457,1
1336,1
5567,1
7019,0
9702,0
6944,0
4480,0
3887,1
1318,1
16529,1
1008,1
9553,0
2099,1
926,0
15872,1
5627,0
10524,0
16056,1
13882,1
12771,0
15921,2
4715,1
2444,0
12934,2
16246,0
1127,0
276,0
4109,0
2096,1
406,1
4714,0
3258,2
16571,0
2040,0
15395,0
7555,1
4669,1
14716,0
12389,2
13903,0
1028,1
4859,1
16669,0
8887,0
7084,1
10970,1
5820,0
7667,0
12179,1
17015,0
7728,0
2696,0
11337,0
6252,1
10829,0
10682,0
14031,1
12505,1
4596,0
16868,0
10828,2
9681,0
16807,0
11498,0
10608,1
15801,0
11475,0
4903,1
7918,1
11815,1
67,0
6273,1
13607,0
4882,2
15751,0
112,0
10714,0
3635,1
852,1
12316,0
2999,1
4059,1
5069,0
1471,1
13571,0
16887,0
5298,0
13336,0
4514,0
1133,0
7748,2
16651,0
2352,1
5378,0
16827,0
6016,1
4498,0
8389,1
12302,0
9671,1
5217,1
6,2
16673,1
13105,1
4793,1
6649,0
3898,0
14014,1
8115,2
8946,0
15155,0
14731,0
873,1
3613,1
5290,2
1591,1
15507,1
16336,1
1681,0
9427,1
13601,0
5419,0
11809,0
15449,0
9881,0
15279,0
1274,1
1304,0
4064,1
3037,1
1363,0
16431,2
11660,2
7706,1
13583,1
7140,0
12806,0
12838,1
2487,1
11981,0
12808,0
7033,0
15906,1
13050,0
5535,0
15936,1
4554,2
3929,1
14233,2
13680,1
6410,0
1593,1
16487,1
1879,1
9260,0
1086,1
2363,1
11590,0
1686,0
1393,0
3554,0
15899,0
14770,1
9979,0
9406,0
8924,1
5269,0
8025,1
9434,0
16555,1
13192,0
1014,1
13746,1
8643,1
1777,0
524,1
12103,0
3754,0
8981,1
6814,1
488,0
5379,1
15634,1
15206,2
3939,2
16891,1
1390,2
3409,2
17126,2
8176,1
15321,2
7260,1
15615,2
9643,0
14981,1
10602,0
10927,0
5761,1
1324,0
7399,1
8828,0
16578,1
4940,0
9032,0
14885,0
15644,1
13808,0
6609,1
9122,0
13535,0
11356,0
6605,1
12139,1
11968,0
4837,0
12869,0
5944,1
543,0
14100,1
8404,0
14034,1
3062,0
11465,2
11470,0
15874,1
14853,0
15652,1
14800,0
3147,0
13017,1
11406,0
10027,0
3246,2
8802,0
8009,2
3729,2
10220,0
2295,1
12010,1
8990,1
12285,1
14565,1
4511,1
11591,0
13815,1
3550,0
13813,1
1570,0
15055,1
8422,0
17019,0
3600,0
6472,0
2795,0
2350,0
621,0
13614,0
2924,2
8542,1
11684,0
2998,1
10869,0
10623,2
15734,0
8168,1
1119,0
8567,1
1765,0
2890,2
6250,1
1641,0
4610,0
4011,0
14076,1
10612,0
3972,1
9776,2
1017,2
15758,1
2671,0
11754,1
818,2
14841,0
13365,2
11836,1
495,0
2349,1
2670,1
3382,1
7075,0
15603,0
3185,1
8779,0
1673,1
3793,0
15288,1
14288,0
3641,0
1500,0
17048,1
6866,2
17002,0
1331,1
12343,1
318,0
11241,1
14450,1
17138,0
12289,0
1532,0
15624,0
8807,0
6925,0
10427,2
1256,0
13443,1
16252,0
17037,1
15099,0
5356,1
10753,0
5783,1
6041,1
9738,0
14534,0
7153,1
73,2
2011,0
11878,0
10574,1
15685,0
11139,1
7366,0
2273,0
14449,1
3153,0
10437,0
3430,0
14219,0
9322,1
1790,2
6070,0
5690,1
12772,1
11223,1
12628,0
10997,1
191,2
7005,0
15581,0
3570,0
15858,0
4151,1
4361,0
4147,0
4286,1
3807,1
5047,1
2470,1
12472,0
3735,0
13145,1
14381,1
12818,0
14897,1
13728,0
5015,0
16520,1
15402,2
6681,0
14380,0
1951,0
3951,1
9338,0
12737,1
10433,2
16319,1
12940,2
16383,0
6126,0
4062,2
157,1
11230,0
5837,1
6072,0
11307,0
7180,1
16244,0
16820,0
6181,0
12708,1
13102,1
6237,1
4748,2
16656,0
7917,0
3783,1
7699,1
8606,0
1767,1
9700,0
8988,1
5915,0
9884,1
14187,0
7296,0
4865,0
11537,0
11237,2
6504,0
10247,1
3689,0
12577,1
8895,0
11655,0
13632,1
12823,2
13025,0
9509,1
10399,0
12080,1
797,0
17030,2
12742,1
2366,1
1211,0
12213,0
8364,0
6445,1
12525,1
4339,1
16228,1
3304,1
12766,1
15205,0
2135,0
4774,2
12235,1
3745,1
14420,0
15689,0
14367,0
11231,1
5388,2
5916,0
7912,0
14352,1
615,0
13229,2
105,2
15064,0
5012,0
8568,0
9386,1
15905,0
1791,0
10915,0
12132,0
2364,0
11165,0
6479,1
5810,0
12591,1
14041,1
5316,0
11838,1
17128,0
10784,2
5881,0
14113,0
4635,0
16888,1
6420,0
5303,1
4494,0
10660,0
12679,1
11490,0
7463,1
2203,0
5682,2
8062,0
8505,0
6436,1
7669,1
9650,1
711,0
3165,1
5607,1
16880,1
6970,0
7998,1
2855,2
1535,0
10658,0
1178,1
10516,0
9914,0
4904,2
848,0
15914,0
227,1
2902,1
8133,0
4051,0
14460,1
3458,1
1097,1
114,1
11419,0
13745,1
17017,0
1078,0
9947,1
9762,0
5977,1
6004,1
696,1
2561,0
9306,1
4990,0
11111,0
8004,0
7003,1
14817,0
4786,0
13713,0
14768,0
6923,0
6433,1
2952,0
12604,1
11672,0
16818,2
796,1
14254,1
6369,1
4512,0
2280,1
7029,1
6566,1
1747,0
16331,1
16940,1
3389,1
12492,1
11833,0
4466,0
11076,1
14318,2
11385,0
12278,0
9945,1
7277,1
5428,1
10168,0
17130,1
15839,0
13403,1
2741,0
10996,1
2988,0
13272,0
14761,1
9307,1
16179,1
7051,0
9355,1
13373,1
14224,1
9566,0
14461,0
5546,1
11529,0
17028,2
9573,0
4622,1
11689,0
8631,1
6960,0
6419,1
1608,0
13024,1
9751,1
11039,1
657,1
15391,0
11451,1
14349,0
712,2
5239,1
10778,0
11196,0
15631,1
1809,0
8104,0
16823,1
5220,1
3492,0
16377,1
12312,0
11783,1
5691,1
9631,2
14143,1
422,1
5105,2
14258,0
1649,1
8599,0
10739,0
15514,1
10421,0
12801,0
2657,1
15711,1
7184,2
1412,1
3906,1
8991,2
16219,1
15954,2
3584,0
14532,1
14387,1
4708,1
10835,0
5772,0
2513,1
2509,1
301,0
885,0
13392,1
3058,1
3571,0
804,0
6204,2
3768,0
15062,1
15481,1
10895,0
9097,1
13945,0
9672,0
13941,0
15945,0
15394,0
3310,0
1383,1
12348,2
11173,1
6073,0
15769,2
2132,1
4797,0
2495,2
6032,2
13147,1
10922,1
13700,1
14408,0
11216,0
4988,0
6816,2
5189,2
1407,2
16937,0
9208,1
15700,1
1177,0
812,1
16087,0
13431,0
7395,0
5798,2
3934,0
7344,0
7694,2
9227,0
2663,1
12760,0
10974,1
11438,1
3564,0
15050,1
8471,0
2621,1
235,0
5199,1
17133,1
2635,1
10670,1
5481,0
8740,1
13996,1
3433,1
6957,1
3052,2
990,0
10231,0
12119,0
13577,0
15172,2
13864,0
14675,0
709,0
15694,0
16904,2
15537,1
14401,1
997,1
16506,1
14182,0
7214,0
11393,1
12994,0
9710,0
217,1
864,0
16554,1
9749,1
12064,0
16320,0
9082,0
15637,2
10108,1
4303,1
9133,1
1927,1
2427,0
5046,0
8753,1
2787,1
10514,2
2596,1
12438,1
8715,2
14065,2
16195,0
13101,1
1711,0
5863,0
1655,0
13447,2
7659,2
12469,0
11903,1
10757,0
2205,1
1749,2
12880,1
14982,1
9552,0
12831,1
1073,0
15383,2
16088,0
16706,0
13117,0
16766,1
4802,0
15165,1
12030,0
15437,1
12257,1
5601,1
6092,0
1112,0
1878,0
16565,1
5399,0
5491,1
16024,0
15355,1
7478,0
15841,0
1691,1
8512,0
151,0
3990,1
5965,0
5414,1
8978,1
12129,1
6218,0
15171,1
119,1
13708,1
8590,0
631,1
784,0
10463,1
12328,1
17119,1
13348,0
1697,0
11208,1
12054,0
12498,0
186,1
6892,1
8744,0
7018,0
2342,0
4040,1
1161,0
12428,0
6313,1
3620,1
16654,1
5954,1
15141,1
9748,0
15342,1
3099,1
1848,0
3901,1
16035,2
6005,0
5852,0
3048,0
7118,0
14385,2
5877,0
8996,0
14273,0
15065,2
11146,1
8634,1
732,0
5586,2
1481,0
6400,1
2858,1
3664,0
3220,1
10663,2
8907,0
12593,1
2827,1
13290,1
4589,0
16619,0
13805,1
2837,1
6750,1
11152,0
3872,0
4492,1
11354,1
6214,0
10673,1
6317,1
2257,2
3931,0
11643,0
10265,2
10196,2
3077,1
6830,1
1398,1
8860,0
13846,1
9612,0
1645,0
12948,1
17055,0
4587,1
3218,0
4779,1
8640,2
16626,1
11657,0
6494,0
11798,0
14189,1
1414,1
13579,0
8811,0
14709,0
12910,2
13008,2
9177,1
12853,0
3151,0
14678,0
1104,0
11550,0
12301,1
16927,2
2296,0
11868,0
2070,1
1296,0
14623,1
12040,0
14556,0
690,0
6783,0
16335,0
12439,1
15964,0
14681,1
1599,1
11180,1
12120,0
12023,1
13993,1
10059,2
6627,0
12602,0
9074,1
10471,0
16444,0
12941,0
3607,0
1587,1
11867,1
6447,0
14814,1
15525,0
12417,0
13857,2
9835,0
4640,1
3415,0
15425,1
2044,1
6217,1
8399,1
3480,1
13602,1
6153,0
5952,0
5855,1
15348,0
16533,1
15735,0
11366,0
15515,0
10194,0
11134,1
14888,1
10025,0
4327,0
16925,0
1890,0
12222,1
9167,1
7217,2
3191,1
12016,0
10924,0
1559,0
11928,1
66,1
14474,1
4069,1
515,1
13641,2
13069,0
5999,0
5589,1
16480,2
1549,1
13286,0
8544,1
10441,0
16032,0
1434,0
14701,0
10476,0
9899,0
10677,2
7261,2
11536,0
16900,0
11462,0
1252,0
8145,0
9303,0
12905,0
4118,1
624,0
11640,1
6171,1
4534,0
14442,1
10586,2
1639,1
13825,1
4433,1
7060,1
14763,0
15066,2
6334,0
13478,1
620,1
17134,0
6997,0
9967,0
14009,1
12383,2
9819,0
2535,1
7769,2
12559,1
16789,1
9677,0
11772,0
9483,0
8270,1
8669,1
15692,0
1144,2
3894,1
6404,1
511,1
14714,0
1585,0
11360,0
9605,2
7737,0
6527,1
402,2
16704,1
3358,0
3426,1
14774,1
11972,1
7221,1
2905,1
6386,1
15209,0
9982,0
482,1
4910,0
10444,0
2469,1
2216,1
13674,1
13654,1
5179,1
4061,1
676,0
6393,0
15387,0
11254,0
16739,2
1999,1
16604,1
15500,0
7093,0
11206,2
12528,1
10439,0
5325,0
2151,0
1586,0
10973,0
14677,0
4224,0
3656,0
4440,0
4329,0
10664,1
14384,1
10859,0
14470,2
13037,1
16606,2
7080,0
10429,2
15948,1
8727,0
1208,0
8448,0
6493,0
12065,0
15623,0
12918,1
3860,1
16373,1
1528,0
6310,0
5559,1
11599,0
7857,0
4058,0
14202,0
1615,0
9309,0
17095,0
10877,0
12499,0
3424,0
4735,0
5345,1
6524,0
1214,0
7128,0
9261,1
4617,0
15031,0
1501,0
10096,1
1637,0
13380,1
6446,2
6981,0
7530,0
15816,0
5221,1
1085,0
17062,2
8958,2
7508,2
9445,0
2963,1
12707,0
10614,0
7845,0
5876,1
12018,1
15454,1
7502,1
3228,1
447,1
16433,1
2653,1
1991,2
14119,1
3123,0
3399,0
12305,1
6474,1
9886,1
5501,0
14007,1
11765,1
1722,1
10722,1
16071,1
12763,1
4299,2
10525,0
5713,1
7639,0
8531,0
6138,2
390,2
14084,1
15147,0
13399,1
3646,2
14689,0
9418,2
4535,1
5745,1
497,1
13216,1
776,2
1646,0
3010,2
16845,2
12997,0
1544,0
5382,1
15673,0
13534,1
8886,1
8944,1
16716,0
1158,2
8961,0
10350,0
12894,1
5987,1
6418,0
10945,0
15699,0
3959,1
3475,1
11845,2
13732,0
10696,1
4670,0
948,1
9026,0
6301,1
7290,1
16798,0
7566,0
4110,0
744,1
13241,1
15531,0
6245,1
7497,2
3798,2
6395,1
1353,1
15193,0
16942,0
1620,0
3597,0
7895,0
4935,1
5375,0
5327,0
4755,1
7813,1
2585,0
15512,0
700,1
13160,1
11209,0
4120,1
1007,1
11162,0
7601,1
9790,1
16021,2
11049,0
3256,1
12194,1
2460,1
9570,0
4982,1
12456,1
14527,1
14241,1
5449,1
4077,0
2311,1
10041,1
11697,0
11796,2
1877,0
10250,2
8278,1
8676,1
8412,1
60,0
10430,0
7031,1
5526,1
2486,0
6074,2
11153,0
14896,0
15786,1
7838,1
9382,1
9647,2
8005,0
8380,1
391,1
16737,1
2449,0
7929,1
11331,0
10254,2
15814,2
2092,0
11328,2
7655,1
5836,1
439,1
9721,1
10489,1
16214,0
12908,1
17082,1
10979,0
12445,1
10133,0
12053,1
7187,1
13422,0
13730,0
15396,0
9754,1
11728,0
8244,0
8560,2
2650,0
3755,0
15218,2
3765,1
14666,0
9867,1
8798,0
4953,0
16696,0
6083,0
774,2
2212,1
1179,0
14082,2
14477,2
6608,0
13009,0
13022,1
16871,1
10419,1
2729,0
16829,0
11240,1
12746,0
13045,1
3359,0
2316,0
10923,2
3098,1
5756,0
16892,0
2782,2
4211,1
8254,0
15884,1
16905,0
4583,1
8046,1
11001,2
8775,1
2651,1
1499,1
4897,1
3945,1
12613,0
13594,2
4602,1
275,1
13087,1
15357,0
14123,0
1966,2
1462,1
9826,2
16678,0
17058,0
14892,1
881,0
3960,1
9840,2
546,1
6069,0
6698,0
15797,1
6642,1
14671,0
3242,1
1169,1
6270,0
13803,1
11965,0
1739,1
17065,2
4187,2
8405,1
10144,1
4225,2
9507,0
8113,1
5970,2
4125,2
1311,0
5333,2
10034,1
2434,0
11059,0
11793,0
5263,0
15467,1
16757,2
7934,1
1102,1
1974,1
1551,1
11330,1
8361,1
8515,0
12826,1
5265,2
1524,1
8289,1
14361,1
4647,0
10436,0
5629,1
1811,0
8747,1
14608,0
13987,0
15584,0
3851,1
5867,1
6718,1
15259,2
4393,1
2900,0
5429,0
7310,0
1579,1
7519,1
12622,0
11070,1
9237,0
3135,1
14308,0
6374,0
16662,1
12898,1
1562,2
16153,1
14263,0
3470,1
2485,1
15809,1
6456,0
13816,1
3272,0
3298,0
14417,0
1940,0
14717,2
5008,0
395,1
13711,0
11316,0
16306,0
10067,1
3283,1
9767,2
16284,0
12858,2
8952,0
526,1
3731,0
1905,2
9825,0
11107,1
8581,1
5129,1
3106,1
7666,1
14331,0
3949,1
15849,0
5082,1
13077,1
3920,0
13429,1
6193,1
461,1
6243,0
3263,2
6726,1
9889,1
823,1
7690,1
9781,0
12800,1
13511,1
6314,2
12522,0
4316,0
3172,1
1543,1
3193,0
16735,1
15932,1
935,2
9077,1
4320,2
8200,0
3431,1
6900,1
5781,0
12150,1
13658,1
10692,2
16385,0
5150,0
7505,1
16105,0
16264,1
2929,0
4914,1
5688,2
13043,0
4067,1
16635,0
12850,0
10201,1
3277,0
13065,1
7754,2
14523,1
16223,0
10715,0
8449,2
11187,0
221,0
7586,0
15907,0
737,0
3843,1
2838,0
11569,0
10391,0
16499,0
3558,2
14925,1
15930,1
3505,0
4288,1
3133,2
14063,0
12860,0
13784,0
675,1
8101,0
7527,0
7885,2
16978,0
3910,1
9691,1
14304,1
10725,2
11014,1
8873,0
931,1
4421,1
522,0
14998,0
16915,1
5920,0
11233,1
12709,1
9717,1
8729,1
1448,0
11884,1
9714,1
3081,0
7945,0
10042,1
3743,1
10012,1
12336,1
6097,1
14322,0
16127,1
2562,0
5656,0
8785,0
13328,0
366,0
12398,2
3928,1
14822,0
13400,0
4048,0
13183,0
16447,1
648,0
1636,1
9200,0
8920,1
6553,0
1989,1
13220,0
3413,1
12370,0
14816,0
7509,1
5569,0
4938,0
563,1
7742,0
3346,0
16180,0
8918,0
16390,1
8276,0
8911,0
5806,1
8723,1
7292,0
8797,1
15385,1
6331,0
3708,1
3036,0
1032,1
15886,0
6328,1
11744,1
5266,1
5271,1
1425,2
4828,2
10101,1
12925,0
8114,0
4477,0
9592,1
9557,1
14908,0
5988,0
69,0
9446,0
3466,1
15675,0
358,2
5425,2
16734,1
2101,0
13946,1
1019,0
8691,1
10171,1
12411,0
2658,0
14686,0
14406,0
9686,1
7334,1
3871,1
5158,0
16028,0
10295,0
791,2
5768,0
14234,1
16817,1
2197,2
14995,1
8674,1
9590,0
13716,1
16933,0
9661,1
6033,0
14794,1
9045,0
9755,1
3096,0
14808,0
13557,0
15633,1
11275,0
23,0
12811,2
4724,1
11543,0
4652,2
13633,1
7540,1
4861,2
6882,0
4098,1
7043,2
7427,0
17043,1
10849,0
13191,1
14107,0
10414,2
10913,1
4760,1
10203,0
12181,0
2608,0
13523,1
2283,0
5146,2
14624,0
2052,0
10428,1
12124,0
13003,1
1302,1
1029,0
8579,1
4757,1
1716,1
4266,0
4529,2
13703,1
11606,0
7387,0
161,0
12249,1
12603,0
10947,2
14399,0
4964,1
9798,0
5593,1
1162,1
10090,0
9669,0
7510,0
7398,0
7006,0
2803,0
95,0
3975,0
3366,1
6730,0
3828,0
11769,0
321,1
9562,0
15084,1
1420,0
6548,2
11888,0
5928,0
7420,1
8706,0
15170,2
13426,0
11542,1
1088,0
9388,1
7500,0
4435,1
6599,1
10074,2
10575,0
5934,0
9761,1
10700,1
16004,0
7381,1
12753,1
914,0
12045,0
6166,0
7038,1
2804,0
5461,0
12541,1
16884,0
8190,0
3204,0
14355,1
12380,1
3308,1
10263,2
9376,0
4809,1
13193,1
10245,0
13839,0
4573,0
13158,1
3926,1
10920,0
4627,0
853,0
16519,2
10628,1
6991,0
9138,0
16873,1
15812,2
12809,0
8974,2
12899,1
4262,1
11768,0
11164,0
10763,1
2226,2
6455,1
16340,2
3698,1
13368,0
1047,0
9550,1
3343,0
16305,0
8239,1
8523,1
13334,0
9701,0
10434,0
16919,1
17098,0
5096,0
5412,0
3034,1
15123,1
9368,0
7468,0
7104,0
16943,1
9412,0
15414,1
14533,1
9292,0
428,0
3880,0
9518,1
8219,0
9039,0
15742,0
11412,0
8317,1
16701,0
11408,1
3397,1
641,1
14947,0
3176,1
3372,1
5924,1
14337,0
7243,0
1900,0
12375,0
7963,2
15152,2
5216,0
5133,0
16283,2
8280,1
7152,0
15524,0
8536,0
1789,2
7843,0
7898,1
5,2
16800,0
3057,2
5594,1
9377,1
13,0
11306,1
12059,0
1566,1
6896,0
11295,1
12904,0
11752,1
10236,0
15304,0
9405,0
5110,1
5026,1
11125,0
180,0
9542,0
3525,0
8782,2
9910,2
15085,2
13833,0
16492,0
9593,0
7071,0
3264,0
7222,1
16192,0
14917,0
11234,2
8530,1
6738,1
8271,0
12769,0
10195,0
14204,1
1196,1
4023,1
17078,0
7353,1
2820,0
11362,1
2466,2
11015,0
3800,0
10405,0
11061,0
13965,1
911,2
10690,1
16559,0
12680,1
13626,2
14600,1
5343,1
6626,0
9756,0
15184,1
6771,0
13460,0
5328,0
9908,1
279,0
12605,0
10982,0
7181,0
15755,1
2703,1
15229,1
8685,0
3428,1
430,1
5127,0
2069,1
9392,0
854,0
1285,1
5050,0
3022,1
11635,2
11265,1
2687,0
15875,1
4066,1
13512,1
10165,1
1576,2
199,1
4565,1
1783,1
13625,1
16600,0
14881,1
8504,0
2184,1
9478,0
4204,1
7860,1
2975,1
5115,1
16303,1
9063,1
8330,1
1326,0
15656,1
8874,1
8261,0
15687,0
14061,0
3249,0
1334,1
425,2
13331,1
6887,1
14405,1
4954,1
1592,1
10899,1
4902,1
371,1
5800,1
10227,1
15051,0
12116,0
7388,1
12546,2
13110,0
15573,1
3222,0
16240,1
16666,1
13883,1
10937,2
5980,1
13609,0
3619,0
15642,1
15256,0
1406,0
2192,0
10771,1
4450,0
9888,0
6024,0
10100,0
4203,1
80,1
11715,0
4353,2
4819,0
5983,0
9222,0
13756,0
6870,1
14476,2
14986,1
8609,1
10512,0
2089,0
13867,0
13470,1
107,1
8806,1
11289,1
1295,0
2660,1
4155,1
14341,1
8574,2
5522,1
14866,0
14319,1
15511,0
10389,0
10780,0
1197,1
12368,0
9035,0
7225,0
350,1
10909,1
9181,0
1954,0
11963,1
10683,0
4386,0
10880,1
333,1
11439,0
8746,0
3557,0
15508,1
5186,1
8790,0
5474,2
1159,0
8871,1
11296,1
13683,0
8629,1
3902,1
949,1
12756,1
14335,0
2461,0
8224,0
15280,0
9815,2
7160,1
1235,0
15320,0
3627,0
4959,1
16805,0
4740,0
16118,0
16203,0
12204,0
15195,2
3006,0
10856,0
1026,2
6753,0
12875,1
8539,0
2700,1
15039,1
10225,0
6922,1
10286,1
9083,0
6653,1
16877,0
16163,1
5366,0
3198,0
16664,0
8165,0
9922,1
9791,1
16234,0
12318,0
9431,0
2830,1
14165,0
1021,0
9426,1
10095,0
6413,0
13299,0
10644,0
5285,0
7373,1
8569,2
10161,0
5698,0
3460,1
13450,0
465,0
814,1
752,0
5568,1
742,1
4771,1
7567,1
7886,0
14902,0
3812,0
10936,1
15571,1
5870,0
6110,1
9415,1
14809,2
14206,1
16472,1
5872,1
13506,0
12758,1
1590,0
2962,1
4099,1
5523,0
8344,0
14927,1
500,2
15469,2
7002,1
5560,1
1009,1
16407,1
13587,1
3728,0
7126,1
15253,1
5140,0
3500,0
5301,0
10352,1
10221,1
7089,0
2340,1
4839,0
13964,0
9085,0
8184,0
14916,2
4235,1
10750,0
14764,0
91,1
8403,1
3814,0
3383,1
12516,0
12136,0
3321,1
1128,0
15373,1
15214,0
9640,2
6163,0
1735,1
950,2
3651,0
16041,0
7218,2
365,1
7087,0
15520,0
13364,1
3406,0
14733,1
11722,0
4198,1
1894,0
3513,0
5530,0
9180,0
2879,2
1245,1
10745,0
5724,1
12199,0
972,1
12050,2
15829,0
14843,2
12395,0
537,0
7989,1
12647,0
4585,1
8437,0
11631,1
6292,0
4628,0
16802,2
4146,2
10730,0
9230,2
1069,1
15078,1
5418,1
7198,1
4095,1
11784,0
10417,2
4650,1
2218,0
1982,0
12485,0
835,0
5494,2
1770,0
3674,1
8646,1
4,1
9912,0
739,0
9658,0
13779,2
11019,1
9080,1
3091,0
13120,1
4770,0
15690,1
467,1
5296,1
4732,1
8463,1
715,2
16832,2
735,1
12458,1
16538,0
9804,0
12497,0
10170,1
2403,2
5896,1
7223,0
16705,2
5770,0
10552,0
288,1
2543,2
11115,0
4089,2
7507,2
10901,1
3302,1
15201,1
15961,1
7920,1
183,0
15983,0
12230,2
6251,2
294,0
4332,2
12724,0
9464,0
4156,2
9291,0
2574,0
5764,1
6942,1
767,1
2262,0
10276,1
4366,0
17132,2
5782,0
2622,1
8180,1
2080,1
16747,1
10629,0
2504,1
12670,1
1122,1
11394,0
12121,0
10242,1
5513,0
9850,1
7309,0
8780,1
1051,0
15546,1
9234,2
14371,0
2678,1
6121,1
4921,0
7525,0
115,0
2722,1
1089,0
15366,1
13847,1
5042,2
16741,1
11322,0
8181,0
6164,0
8423,0
12046,0
6721,1
15242,2
9829,1
6099,1
1772,0
1266,0
13545,1
7718,1
15598,0
2953,0
1151,0
16241,0
8057,1
1946,1
1415,2
5028,0
12083,1
6695,0
8923,0
5860,1
77,0
14079,1
2252,1
3157,0
7426,0
11594,0
1833,0
13622,1
12252,0
1707,0
7154,0
7324,1
8444,1
13631,2
3683,0
9959,1
10116,1
3998,1
12610,0
85,0
4237,2
1720,2
6286,0
6875,1
6705,1
11131,1
16523,0
8372,1
17040,1
12330,0
17115,0
14069,1
11185,1
5894,1
10946,2
10248,1
16325,1
14370,0
11300,0
12774,1
11143,1
9050,1
5188,1
12149,0
10477,1
5276,0
2334,0
16018,1
15419,0
2102,0
6856,2
3662,0
16952,0
923,1
3067,2
14898,1
7037,0
334,1
13564,0
8002,1
11829,1
3012,1
8179,2
986,0
13582,0
5471,0
11933,2
2534,2
9583,2
11358,0
14891,1
8286,0
2644,0
5891,0
7962,2
392,0
16824,2
6590,1
1182,0
254,0
6796,0
938,1
14601,1
5104,1
3859,0
17008,1
4042,0
5658,0
4766,0
8825,1
13098,0
12544,2
6699,1
10517,2
14379,2
331,0
13519,2
15835,0
12074,1
15800,1
2748,0
14373,1
15361,0
3267,0
4472,0
8325,1
3174,0
6457,1
5452,1
6613,0
14117,1
2133,0
5575,0
14854,1
12673,0
15207,2
9023,0
13735,1
17039,1
8161,0
3104,1
8058,1
13871,0
4323,1
15759,1
1060,2
7139,0
13899,1
459,0
12586,0
9490,0
12835,0
13266,1
2489,0
16782,2
5510,0
9917,1
10485,0
2751,2
7239,0
6371,1
10857,0
8922,0
16649,2
720,2
6734,1
572,1
13372,1
2420,2
15605,0
5547,1
4911,1
6332,0
3890,1
12221,0
5646,0
1884,1
5060,2
4931,0
11428,0
7865,0
3158,0
1431,2
8030,0
762,0
14232,1
11946,1
11397,0
8072,0
13528,0
4611,1
45,1
11057,1
4899,0
13252,1
6877,1
3287,2
5005,2
9008,0
16304,0
2376,1
8215,2
7206,1
15310,0
13327,1
14949,0
16566,0
1953,1
13185,1
8751,1
16008,1
747,0
5723,1
5209,0
3179,1
7332,1
768,0
2014,1
11897,1
15317,1
1536,0
5226,0
13783,2
1408,0
6933,1
13712,2
10260,0
7833,1
4510,1
13918,1
3459,2
12987,1
2731,1
9620,2
11467,1
7919,0
12277,0
4569,2
11997,0
6039,1
4497,1
4958,1
12636,0
1022,1
15617,0
14393,1
824,0
14661,1
12788,0
14024,0
6550,1
779,1
9746,0
4598,2
15281,1
2145,1
618,0
9414,2
15590,0
17001,1
816,1
8429,1
5229,0
13457,1
16769,0
16950,1
10111,0
8440,0
7517,1
14350,0
11726,0
10288,0
16266,0
5368,0
9506,1
15552,0
7405,0
13778,1
5197,2
2147,0
7712,0
1230,1
1479,1
13869,0
12957,1
9697,1
1985,0
3822,2
13799,0
5963,0
16438,1
11805,0
10185,1
5370,2
1385,1
4691,0
13079,1
1447,0
4639,2
9904,0
8255,0
4985,1
9047,1
11578,1
1016,0
10984,0
15137,1
16965,0
12200,1
9315,0
7696,0
4699,1
3888,1
2824,0
8367,0
10815,0
5077,1
4468,1
9127,0
16261,1
13231,0
13356,0
9932,1
14209,1
6569,1
9190,0
12884,0
3208,1
6701,0
11514,0
5966,1
7328,1
